1.002338482030081135e+00 1.001087265270603099e+00 1.003021224372362630e+00 1.010587988826361805e+00 1.014997685499800628e+00 1.160606138700211787e+00 1.556523294832096393e+00 nan
1.002941445486304151e+00 1.002637812673929707e+00 1.004810010004368870e+00 1.007173851619300065e+00 1.025036040910638713e+00 1.093533958975444254e+00 1.614044731377256570e+00 nan
1.004059494335890257e+00 1.003107244299773715e+00 1.000465305633559066e+00 1.006146724813425930e+00 1.029967370798431814e+00 1.084037382454075882e+00 1.851621088801829185e+00 nan
1.001446475118707991e+00 1.002034589610396820e+00 1.002818183378458627e+00 1.004809634356950143e+00 1.029817372088347671e+00 1.132250066871875571e+00 1.760261437024488007e+00 nan
9.990218073622487704e-01 1.002910587857589242e+00 1.003128091947742995e+00 1.005956610322267242e+00 1.016659148556990910e+00 1.142024633016981205e+00 1.663027491278386449e+00 nan
1.003378259821376295e+00 1.002085909323436663e+00 1.000266914905068028e+00 1.007314122583636173e+00 1.019818779796737518e+00 1.098944968783901244e+00 1.836414758836994121e+00 nan
1.003386611051567234e+00 1.002972885890919930e+00 1.002626314707997679e+00 1.008639102808683408e+00 1.019088663058155486e+00 1.088464220208694710e+00 1.780409035638852444e+00 nan
9.994126863248263826e-01 1.001625255058243624e+00 1.005404114488217537e+00 1.007291148167742012e+00 1.020375211379956237e+00 1.058037113209834290e+00 1.848991904696527300e+00 nan
1.000040936043868012e+00 1.003227414460251321e+00 1.002924040910764258e+00 1.007780263158196021e+00 1.021998953120497156e+00 1.106735752059909927e+00 1.605269231558207776e+00 nan
1.004733952009059905e+00 1.002342877049569481e+00 1.004050724747563850e+00 1.005677284252723735e+00 1.012737464420530920e+00 1.113562516508159961e+00 1.707159761469510872e+00 nan
9.999339376674785118e-01 1.000434633492892189e+00 1.001516694182149392e+00 1.012669793500487359e+00 1.036444918636363566e+00 1.092819767471893577e+00 1.455401044129112753e+00 nan
1.003621919039997978e+00 1.000549899052679548e+00 1.002009720859126318e+00 1.007761633926965938e+00 1.022975600628086124e+00 1.136785932896074325e+00 1.524234086976341995e+00 3.425354516632647339e+00
9.983008644767339401e-01 1.001690596848821224e+00 1.002232145745167724e+00 1.005118864876943796e+00 1.022650444319656238e+00 1.103157447034998295e+00 1.527484892534295868e+00 nan
1.004389271694651864e+00 1.001106178526770529e+00 1.005158190257901207e+00 1.007936837248989859e+00 1.016525201559374647e+00 1.132281684647478803e+00 1.714222001453673982e+00 nan
1.005900621141763818e+00 1.001606230793038232e+00 1.002336524812370122e+00 1.009318566175051668e+00 1.021402583565982125e+00 1.098408887909823939e+00 1.521004604412603101e+00 nan
1.001877349099784098e+00 1.002301277542940072e+00 1.004888275590740010e+00 1.005734719879921801e+00 1.021958365589991979e+00 1.100443639513754457e+00 1.899475490191642191e+00 nan
1.001049283587744920e+00 1.000779391852707478e+00 1.003141161494818245e+00 1.003846841590535721e+00 1.026336854867730519e+00 1.079398488809708567e+00 1.749661470804834806e+00 nan
1.000352824616327574e+00 1.003721175539142418e+00 1.004023547218364065e+00 1.005465536189003473e+00 1.022727699937416412e+00 1.087809042332345877e+00 2.084568359551068006e+00 nan
1.003511934318437770e+00 1.001424649209434747e+00 1.003169219558367686e+00 1.005375088439555142e+00 1.025669508944252240e+00 1.116001084014371925e+00 1.662347147574306572e+00 nan
1.002103632058792160e+00 1.000664272302749680e+00 1.003776654250595035e+00 1.005673591903178732e+00 1.022525822077199109e+00 1.077116641851090240e+00 1.632277537754760033e+00 nan
1.002516120328014182e+00 1.003406571850390616e+00 1.003914142355700090e+00 1.007024929456734830e+00 1.027706549524118440e+00 1.130391737754886439e+00 1.458035572743945130e+00 nan
1.003006690930285716e+00 1.003772782173600886e+00 1.005988083273539946e+00 1.006703470126810718e+00 1.031463158208291375e+00 1.134349145735055409e+00 1.810147828442353557e+00 nan
1.001053208234134573e+00 9.999738631660575194e-01 1.003983832222917982e+00 1.004626659441093084e+00 1.029395021085856454e+00 1.111940452494169396e+00 1.736188604771486510e+00 nan
1.001809344775514088e+00 1.004651823799890487e+00 1.001687604367340167e+00 1.002135512352232638e+00 1.030971562861542790e+00 1.124752249937585047e+00 1.676524246000458351e+00 nan
1.003330666154473860e+00 1.002978190492014310e+00 1.003118139643606632e+00 1.005078076952639510e+00 1.021381345647737193e+00 1.075935561072599800e+00 1.609934454900791678e+00 nan
1.004250117958541022e+00 1.002167200775808231e+00 9.995762544686430662e-01 1.010401127775780061e+00 1.019111534647498818e+00 1.129343819723999776e+00 2.061078189601011523e+00 nan
1.002442223947587419e+00 1.001145745557489253e+00 1.002723091821452028e+00 1.010452201292041607e+00 1.023427668089686104e+00 1.113030844568227540e+00 1.508379518795242902e+00 nan
1.002685949811679800e+00 9.995641193947821801e-01 1.003749737966847633e+00 1.007382087554248740e+00 1.021466021240717392e+00 1.074708854773628985e+00 1.692771899594903040e+00 nan
1.004713345632044508e+00 1.002181238269172603e+00 1.001310230789944855e+00 1.007758104789830300e+00 1.028070461059855667e+00 1.111216738493875145e+00 1.686656972786248376e+00 nan
1.003899293496501199e+00 1.001231151862230551e+00 1.001527510448571245e+00 1.004569886336729168e+00 1.023093173505361220e+00 1.152943104276759057e+00 1.690373484441542562e+00 nan
1.002727971789815431e+00 1.002841587964487635e+00 1.002514710805000320e+00 1.002456312400354710e+00 1.034086085865188576e+00 1.093338993539726189e+00 1.888538035465440190e+00 nan
1.001507989326233528e+00 1.001580357693507839e+00 1.004238613199212260e+00 1.005527759310636648e+00 1.018403643214776277e+00 1.091168249773551979e+00 2.111825069623026074e+00 nan
1.001256229491685801e+00 1.000059908502914041e+00 1.003383966872941402e+00 1.008260467929780857e+00 1.014384596118629744e+00 1.137867672421288390e+00 1.572441964418397786e+00 nan
1.002878861774684438e+00 1.001211746922689105e+00 1.004907341439808421e+00 1.010728831451364496e+00 1.024636499022838265e+00 1.097778552107419703e+00 1.593847469608536738e+00 nan
1.000688158479370315e+00 1.004198135597106134e+00 1.001461939463166528e+00 1.004254655652439210e+00 1.020208140170897781e+00 1.143716351129768993e+00 1.566604771019981079e+00 2.564047755787218108e+00
1.000126167050208181e+00 1.003009249511555900e+00 1.003988462317226382e+00 1.005510056128577023e+00 1.013835394334761331e+00 1.132532978813120650e+00 1.639732468734486082e+00 nan
1.002884790920670399e+00 1.004122636421107995e+00 1.004780133853456103e+00 1.005359567278138799e+00 1.020988488757825108e+00 1.122535375032931215e+00 1.615842199668265255e+00 nan
1.000359559801713427e+00 1.002385744360589026e+00 1.002613810261999916e+00 1.008816250127533509e+00 1.027518149510880940e+00 1.141136345406408514e+00 1.786874714685865895e+00 nan
9.988644638662863562e-01 1.003638655450096007e+00 1.002487210616410218e+00 1.003697680295880801e+00 1.011605235519342560e+00 1.108669407525721295e+00 2.196019400316581827e+00 nan
1.005103021904594218e+00 1.001827702008226240e+00 1.003392425548044864e+00 1.006710586205606273e+00 1.018973462639206851e+00 1.075102239178427510e+00 1.788950843674047331e+00 nan
1.002561320830214209e+00 1.003139191528461094e+00 1.002549298813274703e+00 1.006324314260982788e+00 1.029254994189056305e+00 1.106815011577906294e+00 1.550046861216090033e+00 nan
1.005225279349877265e+00 1.001850352120036147e+00 1.005917980108540943e+00 1.004249385962707075e+00 1.019317947109978695e+00 1.073184468779690537e+00 1.837232432734138055e+00 nan
1.003132527807969687e+00 1.001166717685105123e+00 1.002652691463715495e+00 1.005611408420153507e+00 1.020360706109600502e+00 1.150051742255345566e+00 1.987494986767264216e+00 nan
1.005147443804107699e+00 1.004383214490032428e+00 1.003678884938274063e+00 1.004816270080122198e+00 1.022533495385461899e+00 1.135444229321657561e+00 1.681318513702753537e+00 nan
1.000043349823569905e+00 1.002350033502900306e+00 1.004177451365250606e+00 1.008942145779414101e+00 1.037413010783373446e+00 1.057084408579017643e+00 1.797033092823041800e+00 3.681242942302024979e+00
1.002162785837979353e+00 1.001186507897192435e+00 1.003411326725762276e+00 1.002266292499910616e+00 1.024353081455588566e+00 1.099428388600389939e+00 1.633842485410724965e+00 nan
1.006289948732017603e+00 1.001251778882071841e+00 1.006310161759950361e+00 1.007515697745295036e+00 1.019883582014243562e+00 1.174148440291760132e+00 1.521324450327514510e+00 2.649733321397513386e+00
1.001100063278935304e+00 1.001759372888264554e+00 1.002758716734720501e+00 1.008325882818528640e+00 1.006286055370434251e+00 1.134421900348186352e+00 1.683943491790190983e+00 3.301552377159415297e+00
1.005931329725369139e+00 1.000360104001124739e+00 1.002976794287170792e+00 1.009645389438404539e+00 1.023781772289257486e+00 1.129847890695329093e+00 1.859556646568539362e+00 nan
1.001233045715292924e+00 1.006087619948253575e+00 1.001763894660098186e+00 1.004607849678067044e+00 1.016510696707633832e+00 1.105814890845184362e+00 1.895174700783530231e+00 nan
1.002324999950648499e+00 1.001980524845970333e+00 1.002703081294535892e+00 1.005747093683719839e+00 1.020475155912091481e+00 1.139631485624562846e+00 1.583357581079328114e+00 nan
1.002235212215981885e+00 1.005343567683254058e+00 1.001725604952055093e+00 1.007155118711070996e+00 1.019362351954444579e+00 1.120813202798842001e+00 1.687666139325892489e+00 nan
1.003376488751154261e+00 1.000556832212455838e+00 1.003586954227462691e+00 1.004985694584442868e+00 1.018321678160202026e+00 1.121218999905060354e+00 1.578934764114454659e+00 nan
9.993189999703906423e-01 1.001696914878607458e+00 1.006435061754788141e+00 1.003959818729831754e+00 1.016401797582614508e+00 1.120996579612557609e+00 1.663492462929957671e+00 nan
1.004229754906309724e+00 1.002217938200162806e+00 1.001947503633147107e+00 1.008336305543710454e+00 1.018682799189583488e+00 1.104476529474366808e+00 2.032727957985135170e+00 2.765588781372211091e+00
1.000459980306362517e+00 1.001879911371257981e+00 1.003699550344383962e+00 1.003934113976368225e+00 1.015698692147592341e+00 1.093945885811925978e+00 1.851415814117784109e+00 nan
1.002944889948568674e+00 1.002863571369386753e+00 1.000444206311153605e+00 1.008372952101045161e+00 1.015889435759523174e+00 1.118168136547752711e+00 1.800225631453506114e+00 nan
1.003628002537989561e+00 1.001006241177318623e+00 1.003212689074468811e+00 1.006754527229799745e+00 1.032466623400975170e+00 1.080012537435206976e+00 1.697609669944210697e+00 nan
1.004324333508352485e+00 1.002200931770322434e+00 1.003198682786783369e+00 1.006219719558523851e+00 1.021955988871532384e+00 1.112388074495551882e+00 1.818694934814551800e+00 nan
1.003480788120447276e+00 1.000305164660397317e+00 1.004821086567180721e+00 1.007521685062225281e+00 1.017002752282639477e+00 1.062029411079863372e+00 1.798360532463907591e+00 nan
1.000042528900627392e+00 1.005460251155848361e+00 1.003434027005303486e+00 1.007508116182700419e+00 1.016529707326863319e+00 1.135052692569645139e+00 1.528027070859787173e+00 nan
1.005931343304554915e+00 1.004350317146690319e+00 1.002038630447945611e+00 1.007165050584789556e+00 1.037367154431699579e+00 1.095290763910587994e+00 2.034347384068481812e+00 nan
1.001867064899806703e+00 1.001764138050159403e+00 1.001300047834944529e+00 1.005882038122717370e+00 1.031610170535033788e+00 1.125595250955284676e+00 1.848554970996243441e+00 nan
1.002994557783909668e+00 1.002797116243761000e+00 1.003304713587767960e+00 1.005215249071675920e+00 1.030028832473932621e+00 1.125938334262517992e+00 1.677440265290522259e+00 nan
1.000676810434576236e+00 1.002422530860166194e+00 1.003109075490222102e+00 1.005869175414787486e+00 1.021523243620417798e+00 1.093376894660163856e+00 1.938310838035299799e+00 3.150605796244351886e+00
1.001846912094180198e+00 1.002127503016187804e+00 1.003639722389649602e+00 1.004347839257599073e+00 1.028511263989565272e+00 1.088126349562859030e+00 1.967294440007914647e+00 nan
1.005912876298420411e+00 1.002798504282930603e+00 1.003101014167247618e+00 1.003501724103369686e+00 1.033261218905338952e+00 1.076862123129146198e+00 1.866452429221651999e+00 nan
1.000790731671213463e+00 1.001608626024812931e+00 1.002980857720302543e+00 1.004782204179097693e+00 1.028310365656858849e+00 1.090173303200402399e+00 1.529914569639928779e+00 nan
1.004739377755650365e+00 1.002519707322093279e+00 1.000639340137077227e+00 1.005396686423720043e+00 1.012351342438947421e+00 1.108148866612585381e+00 1.688014254548846793e+00 nan
1.005685564229978013e+00 1.001438637145681154e+00 1.003357472198856071e+00 1.007755672630176846e+00 1.011842561028272858e+00 1.093084734429505822e+00 1.742696442345771812e+00 nan
1.006620650137611817e+00 1.002418288271568425e+00 1.003624078646744966e+00 1.004938974544895336e+00 1.022606494997867932e+00 1.112115355358157309e+00 1.709241732506388001e+00 nan
1.002980360630385759e+00 1.001925181467530512e+00 1.005100182273223730e+00 1.005633932562128630e+00 1.022258075269639299e+00 1.101127617537866588e+00 1.800497351402568835e+00 nan
1.001887844096981173e+00 1.002382731425151663e+00 1.002117173543428219e+00 1.009153807700762906e+00 1.027981125120464467e+00 1.068418786299931922e+00 1.746334779195616083e+00 nan
1.002541142028021470e+00 1.000600211746460300e+00 1.002034462778861101e+00 1.004867786512220640e+00 1.029535268540856308e+00 1.113582529667182630e+00 1.701332984912961699e+00 nan
1.001491209206357036e+00 1.002053172699879369e+00 1.004758127523353473e+00 1.001975542480682879e+00 1.026189784977046493e+00 1.083449289904612201e+00 1.799655486484066813e+00 nan
1.002325449742030639e+00 1.003832335284941646e+00 1.003860040074408433e+00 1.005756698360784629e+00 1.010940727024046693e+00 1.109822252728313696e+00 1.675299967326314032e+00 nan
1.000824240236680929e+00 1.000181201835968148e+00 1.001275997475893353e+00 1.006177960978213104e+00 1.022191319773257945e+00 1.103272711245121940e+00 1.721857370493361516e+00 nan
1.000680405705766107e+00 9.999932050544420026e-01 1.002307876509172857e+00 1.006523261731728125e+00 1.018600086953369566e+00 1.095490273742807386e+00 2.006081762922550471e+00 nan
1.002862281295574309e+00 1.002699654873165702e+00 1.003459474659472050e+00 1.008656481164975638e+00 1.017995829455866197e+00 1.089023910794141514e+00 1.829736134865493469e+00 nan
1.001046624018925524e+00 1.005305560285780331e+00 1.001620698848210367e+00 1.006116298218596272e+00 1.021597917141244150e+00 1.086670727694738492e+00 1.686295700015647103e+00 nan
1.002150524008808885e+00 1.001656994240981646e+00 1.003803189426980991e+00 1.005990496340077200e+00 1.020916303345857035e+00 1.110560933735498690e+00 1.904627664292353195e+00 2.866848519359780134e+00
1.005451909047537562e+00 1.004197391246341997e+00 1.003112976749855667e+00 1.007166880320688573e+00 1.025904084575190556e+00 1.137540402420085472e+00 1.653229623930385861e+00 nan
1.005682075132210418e+00 1.003254108469625594e+00 1.004707720438452911e+00 1.005066251492362950e+00 1.028902601142854589e+00 1.126184895369041872e+00 1.540061326966882804e+00 nan
1.001714772645140972e+00 1.002583293070971271e+00 1.003944660807011946e+00 1.007420364799531676e+00 1.016437312046669650e+00 1.148247490874380494e+00 1.600175153512531923e+00 nan
1.004306983446282997e+00 1.004292085507505039e+00 1.005547038651406044e+00 1.007832519248633485e+00 1.017930914030733103e+00 1.086878409204702134e+00 1.957764168135986527e+00 nan
1.005367471427958570e+00 1.000318407305466284e+00 1.002453953260037389e+00 1.004943803583093764e+00 1.024296229185793550e+00 1.124074292620410809e+00 1.610409894619315718e+00 3.860754905186692731e+00
1.009784975995340783e+00 1.000600443556907582e+00 1.002066347583563832e+00 1.005052309352632900e+00 1.022366038799177090e+00 1.114193749151241697e+00 1.548871861099738290e+00 nan
1.002648181944131300e+00 1.003044686156556509e+00 1.002454774431415840e+00 1.010621974827171865e+00 1.020503499977905459e+00 1.096445612931872260e+00 1.688616455119615667e+00 nan
9.989485639137454243e-01 1.003216686461399831e+00 1.002570972191308529e+00 1.005151395585075935e+00 1.025102074407338248e+00 1.067369554639950646e+00 1.754151336885600099e+00 nan
9.989218020044072777e-01 1.002510849520588554e+00 1.001996888190701540e+00 1.006335404429497649e+00 1.023979715018692005e+00 1.120480523899065606e+00 1.747126188632709187e+00 nan
9.999933581888189593e-01 1.001504695214135765e+00 1.001400869612599109e+00 1.007276113330099809e+00 1.022466480159040625e+00 1.116418008797177563e+00 1.760835462915149252e+00 nan
1.001741128387170665e+00 1.004468815375926916e+00 1.003527485562969446e+00 1.005471042788767200e+00 1.017387728141663672e+00 1.146381309503462731e+00 1.627876574914497665e+00 nan
1.006324241534757080e+00 1.002553914719549244e+00 1.003326613607077977e+00 1.007693570659644156e+00 1.017785821587625872e+00 1.106896084917446732e+00 1.861435506605112700e+00 nan
1.000407372935756545e+00 1.004340058191361074e+00 1.005613003813754514e+00 1.004763288290146495e+00 1.019061637660057862e+00 1.107601135824384464e+00 1.642840832994575395e+00 nan
1.001347125097481916e+00 1.004166556886411765e+00 1.003415305612761488e+00 1.011408745491283234e+00 1.012542296462501712e+00 1.099035433505186177e+00 1.791721089539582312e+00 nan
1.000141470216643791e+00 1.001636280834968584e+00 1.002186224590550845e+00 1.005185562670047883e+00 1.025681442512446750e+00 1.113597013304119310e+00 1.789522367607665920e+00 2.879594911545637181e+00
1.001324618491874929e+00 1.000810387678195301e+00 1.002577792349734986e+00 1.006140073793450718e+00 1.019495734156605327e+00 1.080334659539893050e+00 1.731457550093529418e+00 nan
9.990879918403252624e-01 1.003085690409102781e+00 1.002559089161587647e+00 1.005588499622279919e+00 1.015358418101201865e+00 1.121156439255509341e+00 1.686577446905241695e+00 nan
9.993690358507685279e-01 1.002851363840295829e+00 1.003668939115478498e+00 1.004742057688364998e+00 1.019716556510822603e+00 1.132663445897005960e+00 1.716519390697275993e+00 nan
1.003271494671442277e+00 1.001564998500451775e+00 1.004674041256854222e+00 1.008467665074030073e+00 1.014713193423335325e+00 1.097969756058649438e+00 1.972525876513180565e+00 nan
