1.004290604886380001e+00 1.000185339176339339e+00 1.003028327394402730e+00 1.026611167866156249e+00 1.068629697599007722e+00 1.245028981412598990e+00 1.533966355772107271e+00 1.556518541641768838e+00
1.005095104682651730e+00 9.975583484818577595e-01 1.004817723193923484e+00 1.016184942328152596e+00 1.082347935135651529e+00 1.269804388377516524e+00 1.448801799943711943e+00 1.492905437386893297e+00
9.997123062767792057e-01 1.001673302574994651e+00 1.001673570702704685e+00 1.023628918058193449e+00 1.062390539091850661e+00 1.301951706873371029e+00 1.466981321231509039e+00 1.499602737394070795e+00
9.972886563273013483e-01 9.984579863706548597e-01 1.004461020173037067e+00 1.025264894861668941e+00 1.090096493794497912e+00 1.248092985217104101e+00 1.465371071146676085e+00 1.612352296428165577e+00
9.983261418554119082e-01 1.001617594346780216e+00 1.001849084728046568e+00 1.018109442492148187e+00 1.096219219055112770e+00 1.318141716258563356e+00 1.416606255357105271e+00 1.492027757800372001e+00
9.976825479344938463e-01 1.002215507201142053e+00 1.005914786947663453e+00 1.014898566232839139e+00 1.093921983408470355e+00 1.252783648412348683e+00 1.439198534509852134e+00 1.521676008587415918e+00
9.992608429247595847e-01 1.001538456540794986e+00 1.003132320992822457e+00 1.022432012362361364e+00 1.056515436110919470e+00 1.225313278727059085e+00 1.471195988486731832e+00 1.584887814177034615e+00
9.998844269406904628e-01 9.989935247465633328e-01 1.001403262261715499e+00 1.025745392069881801e+00 1.078848003021064317e+00 1.333336926307818304e+00 1.398934830910938842e+00 1.473804321191021671e+00
9.971015883370117905e-01 1.000591722529087679e+00 1.004656025785704898e+00 1.017865682349198275e+00 1.081244022953198325e+00 1.253742788065796088e+00 1.494641874812567384e+00 1.435541787654915913e+00
9.967898061757519690e-01 9.986030101532508141e-01 1.004724346244130651e+00 1.016654465937004703e+00 1.070521439442688294e+00 1.292769228733878339e+00 1.411885514759771754e+00 1.502000056418315133e+00
9.980096733176302415e-01 9.994871927432174008e-01 1.003742486854218630e+00 1.020525952089429200e+00 1.097474955286449116e+00 1.258189913062697896e+00 1.424016827529553719e+00 1.551366235299803442e+00
9.976474839429629871e-01 1.002215657244684754e+00 1.004472481854137289e+00 1.018650423049440201e+00 1.069350175320840535e+00 1.261685566946980863e+00 1.483934162947031732e+00 1.459688295841752748e+00
9.994013060777466873e-01 1.000302908771773414e+00 1.002867274018365507e+00 1.015649227552542389e+00 1.072183918577106709e+00 1.269539180986254623e+00 1.380520869212586765e+00 1.418297787269840349e+00
1.000868507131410734e+00 9.990326818951402732e-01 1.004708905240406125e+00 1.017653078013910362e+00 1.072052734621509851e+00 1.220290113202441962e+00 1.497027963616312185e+00 1.536749461727821453e+00
9.983326702531851726e-01 9.992057818611073117e-01 1.002810574164746171e+00 1.023962998185393269e+00 1.063620830542499229e+00 1.228555680359977309e+00 1.578734907064124338e+00 1.676486967378454374e+00
9.977589683558127920e-01 1.000197497579344397e+00 1.004652775539328857e+00 1.016890485407967004e+00 1.105154700839565685e+00 1.260755724490893570e+00 1.462838297645159491e+00 1.552119902533634965e+00
1.002401167885918376e+00 1.001673959639421518e+00 1.002227299441101893e+00 1.028433283803739329e+00 1.072942775135140581e+00 1.217750069065766994e+00 1.474634458974378504e+00 1.535387535648915724e+00
9.999676302419617802e-01 9.990538414178782300e-01 1.005460017429764319e+00 1.025429603153645619e+00 1.049581603758509729e+00 1.340455957887443539e+00 1.509316036493369984e+00 1.500019916581517343e+00
1.005826737724933029e+00 1.000667255039112469e+00 1.004586348163390763e+00 1.021885422307619473e+00 1.077923037277099594e+00 1.191040280110637006e+00 1.560172105869291892e+00 1.608547099351949283e+00
9.998972450560830172e-01 1.001249852287496633e+00 1.002572268184493076e+00 1.011804063575628465e+00 1.076143359802836930e+00 1.305751174438559925e+00 1.461906307973662944e+00 1.589322755749277061e+00
9.996588384063689325e-01 9.984274818391923878e-01 1.006215721726587686e+00 1.021360859746781813e+00 1.090848533336330695e+00 1.256746284230688460e+00 1.416034522996686640e+00 1.473825770623336640e+00
9.949280142140497496e-01 9.989582249385275947e-01 1.004897501691712547e+00 1.018255346671846029e+00 1.060425833768303017e+00 1.230243347592701930e+00 1.482901758732278585e+00 1.502814358569277253e+00
1.001755499749613199e+00 1.000704964050813661e+00 9.983789017537710864e-01 1.018403632671055714e+00 1.115776523224600414e+00 1.315556353540445755e+00 1.380906321149527605e+00 1.557216162094286371e+00
9.971266548675963293e-01 9.987040028575784323e-01 1.008534966059218885e+00 1.014525818594597784e+00 1.079018710971968442e+00 1.242641124893749227e+00 1.465399433610887092e+00 1.518959067912893479e+00
1.000284758123882511e+00 9.997963411943427969e-01 1.002468829895708069e+00 1.026632387329890150e+00 1.085227057159517949e+00 1.340685576266933632e+00 1.422995113524026634e+00 1.512763961966056225e+00
9.955349291917084953e-01 1.001291944930204902e+00 1.001597321452684541e+00 1.022821776856673193e+00 1.065574816445681527e+00 1.239350975327466964e+00 1.507458865558860994e+00 1.718906127462592748e+00
1.001479857528989381e+00 9.986841359984943711e-01 1.004588110167058845e+00 1.030863472187887986e+00 1.079049130419010627e+00 1.212977048835152782e+00 1.404674112498717431e+00 1.555735564500669632e+00
1.001395158938824803e+00 9.981652633657495111e-01 1.004301075571405910e+00 1.022722151054945572e+00 1.078717508265440772e+00 1.262571705496284391e+00 1.435963153357367794e+00 1.487687316664459303e+00
1.000394614740921284e+00 9.984289168516510271e-01 1.010960872156566603e+00 1.016989690573815830e+00 1.081510570537789873e+00 1.323145747750101631e+00 1.389100701317915298e+00 1.381543035291794119e+00
9.980039833116680636e-01 1.000968989551989541e+00 1.004899480790393262e+00 1.020036494804136051e+00 1.067414059418374972e+00 1.280740014856137643e+00 1.488062310504540742e+00 1.486149699665540336e+00
9.972622167678926175e-01 9.991175606861975034e-01 1.006290630619410154e+00 1.018035682379820450e+00 1.095730904222801616e+00 1.289401399012389815e+00 1.400294472079096408e+00 1.505654042245345714e+00
9.965930907603768318e-01 1.000035009889340243e+00 1.004283382345634301e+00 1.017754426983094040e+00 1.072296006356862286e+00 1.303479453962015144e+00 1.497525450011216286e+00 1.582589781634866855e+00
9.981941419950628447e-01 1.002941957332254663e+00 1.003907000790723147e+00 1.021170943807680587e+00 1.089490518428153809e+00 1.311361981873930160e+00 1.446016521171011870e+00 1.630303786396082755e+00
9.968937038667065043e-01 1.000150307886634504e+00 1.002491173254012047e+00 1.014860540924348964e+00 1.085012128927112851e+00 1.247967513718571952e+00 1.568433178693593888e+00 1.590532512312491376e+00
9.966798997605041954e-01 9.995009591864157938e-01 1.004929837814678262e+00 1.017234701738068292e+00 1.087183887928546477e+00 1.287121480505370563e+00 1.516986329921366394e+00 1.524564347080066939e+00
9.972891956887091069e-01 9.982511336561075144e-01 1.003017249596395377e+00 1.017033227549388963e+00 1.080976287393649482e+00 1.299810202577601270e+00 1.487216957955145080e+00 1.535144035620914060e+00
9.990870828430284956e-01 1.002062568583199420e+00 1.002271978769734950e+00 1.024239950019689260e+00 1.075110860237703747e+00 1.253477563794282545e+00 1.450409145376729603e+00 1.457080870766095826e+00
1.003005069667257665e+00 9.976847252714924341e-01 1.004578688689378829e+00 1.015243277605443861e+00 1.075719545133450694e+00 1.285637391587209688e+00 1.405861322985914041e+00 1.547045254362896527e+00
9.956865448500948901e-01 9.997901814884354588e-01 1.004934043071529226e+00 1.018278380449337384e+00 1.076271334959887138e+00 1.248685082664419133e+00 1.500196025476106865e+00 1.617807992813842466e+00
9.950307415131440791e-01 9.990872954672340711e-01 1.001855533425704659e+00 1.019844056591080461e+00 1.077043803610768569e+00 1.279188059288261625e+00 1.443811003198570697e+00 1.542589798150014291e+00
9.991571481280532296e-01 1.001154722098674288e+00 1.002867828970667174e+00 1.019839303251811158e+00 1.107151301369145635e+00 1.302644613467828227e+00 1.468256753160968486e+00 1.654295876713413271e+00
1.004900245742091691e+00 9.977579498383521983e-01 1.003024355586216387e+00 1.016321527275842129e+00 1.081853104553181177e+00 1.237210064959014311e+00 1.505468898190641891e+00 1.530896579437274418e+00
9.953086650617660736e-01 1.000626346468699301e+00 1.005704791795670516e+00 1.027517423983095535e+00 1.091947254213829765e+00 1.291054462032960481e+00 1.466223337867585297e+00 1.424971985869006641e+00
9.953280771577684982e-01 9.986427160805985137e-01 1.004653010904821064e+00 1.023469453971406873e+00 1.070949514224706522e+00 1.237803929089690946e+00 1.448353381150390584e+00 1.396182617664722958e+00
9.971764228099213589e-01 9.992212562312094981e-01 1.004616771448107571e+00 1.016792370793845990e+00 1.082638587352229065e+00 1.250913240738245946e+00 1.451872416150348233e+00 1.561877603878635945e+00
1.001907452732248904e+00 9.980072011275917809e-01 1.001721509679471378e+00 1.019119183471316914e+00 1.099293865509699097e+00 1.262288503070760459e+00 1.411167886056686527e+00 1.451469367981841785e+00
9.979411005276469515e-01 1.000383222098962577e+00 1.003996862763753661e+00 1.023796946938754449e+00 1.076148418069613921e+00 1.266138366396687420e+00 1.438699876842886249e+00 1.496421683123776436e+00
1.002243336667558715e+00 9.994053645065885672e-01 1.002869748471123534e+00 1.025662521380915848e+00 1.089512709016114300e+00 1.244437393100641387e+00 1.448392542538992522e+00 1.547460288612832358e+00
9.982506454850488264e-01 9.992470156111625812e-01 1.006467525880883507e+00 1.015567086796714813e+00 1.080006780160300384e+00 1.267539354560254239e+00 1.548677395556853131e+00 1.575973439022100742e+00
1.001025521527262985e+00 1.000217039180255618e+00 1.003314981241604231e+00 1.017617326329599337e+00 1.057776821831507785e+00 1.241901495572562242e+00 1.453959303414997573e+00 1.498473103809147222e+00
9.970321474235177561e-01 9.981723726534186270e-01 1.004025924172961437e+00 1.018177438903642651e+00 1.080632126915029634e+00 1.291714236448400221e+00 1.545315102271171082e+00 1.623721074716636403e+00
9.992093200223967076e-01 1.000620784691520715e+00 1.002310526053002304e+00 1.023912145083618164e+00 1.081914178361068846e+00 1.272173448255655703e+00 1.559649603992031119e+00 1.587352709771991721e+00
1.001668794343981705e+00 9.990373753970780424e-01 1.007722531805222088e+00 1.012525741001189861e+00 1.086986284409828585e+00 1.289496880480976992e+00 1.442172616028741361e+00 1.451651281245550429e+00
1.000790450841841484e+00 9.954832238978617021e-01 1.002489155642240171e+00 1.023058774209315569e+00 1.075718267861737409e+00 1.199155631595529625e+00 1.559901219074688372e+00 1.671052568049555154e+00
1.003194587416798900e+00 1.000240245444885767e+00 1.003803009579446348e+00 1.023183679803518098e+00 1.082975443302267360e+00 1.306208699081166769e+00 1.466094660131495031e+00 1.599980536236569328e+00
9.977764722682795906e-01 1.000488786854330847e+00 1.004069207904149774e+00 1.016395859141688174e+00 1.094387736780839226e+00 1.269874123503236696e+00 1.492847674776673461e+00 1.576104793275594940e+00
9.995357616784403820e-01 1.001874704485700374e+00 1.002260920339206551e+00 1.019206512327553105e+00 1.086884592368544844e+00 1.277911926760877837e+00 1.420814445670982806e+00 1.602330753442677835e+00
9.969766925760881193e-01 1.002589220385253332e+00 1.001507594671551482e+00 1.025701141682608064e+00 1.070109629996364609e+00 1.273156129673403081e+00 1.479947261682055926e+00 1.675483314841975657e+00
9.995853645684491529e-01 1.002580814246407659e+00 1.004542875325248108e+00 1.021579416285221420e+00 1.112314391923686419e+00 1.237429792170680276e+00 1.502399282915365841e+00 1.586085354252165125e+00
1.003158604747748761e+00 9.996609361130850413e-01 1.005706352032393225e+00 1.015207670343569069e+00 1.078268303322424515e+00 1.233659745244499062e+00 1.496063522054253747e+00 1.661809611576794410e+00
1.000669592494772608e+00 1.000886212173557999e+00 1.005530430200651359e+00 1.014185126770667411e+00 1.076197501729574846e+00 1.271752160202232140e+00 1.459435223203996879e+00 1.515047815399552356e+00
9.995071940227839846e-01 1.000213681260252674e+00 1.005445182016678984e+00 1.021684497027844918e+00 1.071099925836126898e+00 1.268071055982745499e+00 1.544933302024181554e+00 1.608652478509006611e+00
1.003148890244507596e+00 1.000802061531753218e+00 1.006142193298577681e+00 1.021829746132628669e+00 1.084376473722132417e+00 1.223295772891678457e+00 1.521955207305807356e+00 1.554250476114210411e+00
9.984226822989923367e-01 9.990654898332897993e-01 1.003295673784330599e+00 1.019291633880689218e+00 1.067782314821891898e+00 1.297104669283286826e+00 1.463864250474407935e+00 1.444708797123848809e+00
9.975729162916759929e-01 9.997938281854404918e-01 1.011158632452436645e+00 1.016506495148499223e+00 1.068615542537395324e+00 1.267500314899581149e+00 1.419118766149931155e+00 1.585447251695670356e+00
9.989595295251979534e-01 1.001260475064994715e+00 1.002909961024853525e+00 1.028956178195752136e+00 1.054104386379426828e+00 1.277566368327296198e+00 1.391070226160818546e+00 1.526999816944172750e+00
9.967478599461192523e-01 9.991542671333034642e-01 1.002887787924466645e+00 1.015614779374988785e+00 1.086179109736413517e+00 1.252449862609473552e+00 1.596010848020384287e+00 1.513313669334482192e+00
9.985604740659342893e-01 1.000065379106581442e+00 1.002025687769936502e+00 1.027318639638436615e+00 1.096979025799152740e+00 1.250993329087799921e+00 1.643237078894952852e+00 1.602000419185770408e+00
1.003250074820740689e+00 1.000349090599592872e+00 1.003374634212696792e+00 1.013287116464887783e+00 1.097412467866014429e+00 1.312236973823050601e+00 1.380665728591615071e+00 1.489223595668645483e+00
9.987994842109287896e-01 1.000343777787530586e+00 1.003866083956979072e+00 1.017984875373049380e+00 1.073641167486426129e+00 1.288244209250717365e+00 1.522073395502705484e+00 1.553365853085961312e+00
9.984526754901823509e-01 9.997940599556258690e-01 1.003615348845196653e+00 1.016498189752894632e+00 1.086733278211322595e+00 1.309619632780015142e+00 1.444708244333383407e+00 1.582360832708906040e+00
9.977855606174089731e-01 1.000623533380656127e+00 1.002237409427434889e+00 1.013990490409481193e+00 1.078150770667873015e+00 1.295336589107400016e+00 1.503065897093790459e+00 1.531226573914607592e+00
9.967381808814941291e-01 1.000906585010323369e+00 1.005221009442928137e+00 1.020061875702185983e+00 1.061726255007046760e+00 1.239891026057689860e+00 1.460699656128006785e+00 1.488839510685487033e+00
1.001360672589420409e+00 9.964971148906144327e-01 1.005647508939192969e+00 1.018327552600915009e+00 1.074265409781506087e+00 1.292566568624704093e+00 1.480324299455376691e+00 1.637997879833416270e+00
9.978167114275696692e-01 9.996797773858533409e-01 1.002856746082970707e+00 1.023546519006288680e+00 1.061621116500218065e+00 1.296043545238414474e+00 1.373392803993497502e+00 1.488308626922688616e+00
9.996664535520116690e-01 1.000276341682018844e+00 1.004951804341988275e+00 1.025898666003985493e+00 1.083999590767595667e+00 1.268536118278932312e+00 1.435787532989027948e+00 1.513737747160562197e+00
1.000221020757746215e+00 1.000525891978589987e+00 1.006590705128269647e+00 1.014811757688986571e+00 1.072782049526509240e+00 1.261234591923965587e+00 1.477485137139066707e+00 1.555490208482176451e+00
9.970311567183910428e-01 1.000710917381341325e+00 1.004531736026062605e+00 1.013058773481867902e+00 1.077604869011479671e+00 1.243392256275242191e+00 1.552786137518486598e+00 1.494394936778925098e+00
9.983349941684042106e-01 9.982126899060907999e-01 1.006595224966151614e+00 1.012139852901400960e+00 1.084040846278446768e+00 1.315840716444905745e+00 1.520033454744160739e+00 1.567674530832217972e+00
1.000303940757691024e+00 9.995190254268589980e-01 1.003538222163113280e+00 1.018662140892836687e+00 1.087094343636415550e+00 1.395952271020688862e+00 1.356939854501413523e+00 1.397338058444191899e+00
9.994412317585407157e-01 9.988112706565809296e-01 1.004392138121428912e+00 1.020818552079792330e+00 1.079128699963926463e+00 1.238749401981726672e+00 1.449775920935418849e+00 1.489223409301796863e+00
9.947989510211019404e-01 1.001032838395744529e+00 1.002818884446851300e+00 1.022731537726313089e+00 1.089934458846608223e+00 1.299722828923189688e+00 1.402393077274412647e+00 1.420459711098300160e+00
1.004600126810046179e+00 1.000161259908346922e+00 1.003087882884951654e+00 1.024793189718999908e+00 1.070366579649454808e+00 1.270925343235435934e+00 1.430568182110781850e+00 1.547271179566477528e+00
9.986389105328463689e-01 1.000559969097097657e+00 1.005722780792446924e+00 1.021602725789821031e+00 1.082007635436004866e+00 1.324441118092299474e+00 1.502188818781749369e+00 1.530343083134948268e+00
9.999486030300477335e-01 9.979532205236560927e-01 1.006563302884616373e+00 1.018136499201218959e+00 1.081463587017535088e+00 1.237231512335041472e+00 1.442268849876831016e+00 1.516681946842513007e+00
1.000838752501437057e+00 9.986881630873098992e-01 1.002502499327245333e+00 1.024825666962043247e+00 1.070887977599841223e+00 1.305120008922599384e+00 1.321238793800728395e+00 1.427379605098942461e+00
1.004383426623750131e+00 1.001239582676224149e+00 1.004796975278244187e+00 1.027481673558380937e+00 1.073123297512541319e+00 1.260435385456199153e+00 1.491911252420506706e+00 1.561047922693381995e+00
1.000177405967277888e+00 1.001127439165232946e+00 1.004993255727816281e+00 1.020142656272656323e+00 1.090492214559552808e+00 1.299374793575040599e+00 1.430843338602258319e+00 1.472249908816329000e+00
1.003342447684755001e+00 1.000646890182202986e+00 1.004215731481131302e+00 1.016977973742432262e+00 1.079700998806486067e+00 1.241724039715067729e+00 1.455911420790355182e+00 1.551277616111098823e+00
9.966337029825764748e-01 9.993258387542881538e-01 1.006012374621064076e+00 1.013659622134793548e+00 1.089076235144788463e+00 1.329839217441179944e+00 1.441196691637665506e+00 1.575990522581428577e+00
9.978490450866459582e-01 1.002545730678111591e+00 1.002654677726163346e+00 1.021017742896967784e+00 1.073135466815364536e+00 1.176869791297129098e+00 1.474508852523937374e+00 1.620048128543817523e+00
9.997242776490787852e-01 9.988371549576534614e-01 1.004187065278672630e+00 1.022902921175049329e+00 1.063552365222538487e+00 1.243549966121247241e+00 1.492815396549506124e+00 1.526484253697923954e+00
1.003258493853870226e+00 9.995249401249453047e-01 1.007172986749588883e+00 1.020488327249806870e+00 1.075274263970361854e+00 1.259154127669706025e+00 1.490586438436787731e+00 1.630302244526313782e+00
9.946730244869472770e-01 9.996366543161832041e-01 1.003122013488757069e+00 1.017018332051379481e+00 1.081217891101532658e+00 1.258119249570772702e+00 1.430848851594439530e+00 1.598916279239055882e+00
1.001764817047225975e+00 9.983709222199643740e-01 1.008459492918519107e+00 1.014882396634746664e+00 1.080609297851160777e+00 1.310471808561854967e+00 1.508703467987092983e+00 1.506351796002885823e+00
1.000380154686132395e+00 9.971007615886190445e-01 1.006739748086956654e+00 1.016297070035908190e+00 1.079039135782822623e+00 1.284259721105026619e+00 1.499379361906057362e+00 1.508143211909152459e+00
9.982699191755968204e-01 1.001368541001238732e+00 1.005509014641141841e+00 1.017804685454568370e+00 1.097560357040682888e+00 1.318361203634227152e+00 1.507850013164091951e+00 1.540161019444849622e+00
9.978607106027392870e-01 1.003997455826170615e+00 1.003554190823626513e+00 1.018498505853473457e+00 1.062833745611960978e+00 1.219470335123912896e+00 1.575725199679477662e+00 1.678083098852335420e+00
1.003142791528043976e+00 1.000069019721344432e+00 1.001575331726784368e+00 1.020089347985521755e+00 1.080167299429001693e+00 1.288534579420324455e+00 1.450558999031829721e+00 1.583746620245315651e+00
9.983740297719666534e-01 1.000166253306114417e+00 1.001958895774897496e+00 1.029171705362499800e+00 1.076144494826895670e+00 1.302636106539266869e+00 1.501528744884850441e+00 1.455350659495318499e+00
