9.973942605149399565e-01 1.003811427186788396e+00 1.020066477309796937e+00 1.168173364261666736e+00 1.000270430791129428e+00 1.048884366710626459e+00 1.275078409222417664e+00
9.986640502955342891e-01 1.007325348771953122e+00 1.021410994643495052e+00 1.259898852675536585e+00 1.019239754768714867e+00 1.042303664967117793e+00 1.240533516240908352e+00
9.984127561016761243e-01 1.002513854490336032e+00 1.026161363887561295e+00 1.227507922009034580e+00 1.017194799463055688e+00 1.044308275727186208e+00 1.135711289159947013e+00
9.975947056364891097e-01 1.002200520114353566e+00 1.029259025500989022e+00 1.163170747221310197e+00 1.016046196327008655e+00 1.053390914823093549e+00 1.320868577384834097e+00
9.982351722486906276e-01 1.004664104302710026e+00 1.026573743096522495e+00 1.176539555026655970e+00 1.032089474276769669e+00 1.035085994936868037e+00 1.243313570194013229e+00
9.979943140282572234e-01 1.003475367667209683e+00 1.035355141639368703e+00 1.185681244674554824e+00 1.012813600894007404e+00 1.041055667620832459e+00 1.267686180958499831e+00
9.980700698493969458e-01 1.001898404297867584e+00 1.022669280886839172e+00 1.199840262053880169e+00 1.034203792139426259e+00 1.042215902651747683e+00 1.131549914543712898e+00
9.982548462144689161e-01 9.999098480737182992e-01 1.030225348292419740e+00 1.164088805612517152e+00 1.023566883644630998e+00 1.061173808692793097e+00 1.160743435852399141e+00
9.980285294319104494e-01 1.003242572976874136e+00 1.030812311112269342e+00 1.155977204464356145e+00 1.004169280013231136e+00 1.039858710001249520e+00 1.170264131437423583e+00
9.977002967624134522e-01 1.001426828572812511e+00 1.028854884607400599e+00 1.197091091167510335e+00 1.008812486536389441e+00 1.069936163700359266e+00 1.385893728419653526e+00
9.973690010903980552e-01 1.002003284263094152e+00 1.018612569950312574e+00 1.210197288385038927e+00 1.030115175988828957e+00 1.048868210116970623e+00 1.322505200374030299e+00
9.982265196931983109e-01 1.005980482348678651e+00 1.022458401379509052e+00 1.198802077154357049e+00 1.031579511133564164e+00 1.071927309856028243e+00 1.287893781661326287e+00
9.981844093182397071e-01 1.002623697904462929e+00 1.029583855761807998e+00 1.135204579549361714e+00 1.040919856490408746e+00 1.057762308867072676e+00 1.219547614189040674e+00
9.979049394181365162e-01 9.982475036361151410e-01 1.033504653641501569e+00 1.200995809193234232e+00 1.018588268355586468e+00 1.027414022594347998e+00 1.207827884160952658e+00
9.982306000800725831e-01 1.001009210577461062e+00 1.036733703172817656e+00 1.164496459529995809e+00 1.030961740686639150e+00 1.075809124277230078e+00 1.189109084928837268e+00
9.976256916972459088e-01 1.003244031345797094e+00 1.029509685713673850e+00 1.183484503889484785e+00 1.037435978087592359e+00 1.038628729632397496e+00 1.207433789198767204e+00
9.980464223316113381e-01 9.993722210872283407e-01 1.024500875973300751e+00 1.193552535433908712e+00 1.016044484837686390e+00 1.049866158018777140e+00 1.242195500039942502e+00
9.980095631552065027e-01 1.005165896722838292e+00 1.020438129423896667e+00 1.211666347477678096e+00 1.050385406315881731e+00 1.060814725509322543e+00 1.215231483448509842e+00
9.976397138968945422e-01 9.999750769260074001e-01 1.028518530443343515e+00 1.208351076892591580e+00 1.015188214919065413e+00 1.065645795182306843e+00 1.254541187517549616e+00
9.981871951032845747e-01 1.001495984203729206e+00 1.027578184253100879e+00 1.173001498513387642e+00 1.023035932686436222e+00 1.114347239138717915e+00 1.282331654618095174e+00
9.981858945476413947e-01 1.001695173996533406e+00 1.024713612534717821e+00 1.194008559692619764e+00 1.030473399983387051e+00 1.060581619419953325e+00 1.250135912010350570e+00
9.983293910501214175e-01 9.991801088902758643e-01 1.033124132716519927e+00 1.148321856309364453e+00 1.034451552491942872e+00 1.040952876496852975e+00 1.251809855348612333e+00
9.979710296109919332e-01 1.005457339441197417e+00 1.032655549001105566e+00 1.202113101666631323e+00 1.002493073984410232e+00 1.048621548861003783e+00 1.239236722940465940e+00
9.980290654339392109e-01 1.004613295548085983e+00 1.026953556397382616e+00 1.180909822795635389e+00 1.029902186351632665e+00 1.056447467008788665e+00 1.263516470410000370e+00
9.983885680246844530e-01 1.006420058335093515e+00 1.024410425210129816e+00 1.183408437466818564e+00 1.020538255443815157e+00 1.054729962643742525e+00 1.238632476755209710e+00
9.985033563247023292e-01 1.008017221453062717e+00 1.019053903422239005e+00 1.155061617356021975e+00 1.034712333419319785e+00 1.061666645568232425e+00 1.258801972758498922e+00
9.977693245055787585e-01 9.994609343145464120e-01 1.023926528495459731e+00 1.153445617946450286e+00 1.032905320312830444e+00 1.042402655496444730e+00 1.113298814410261794e+00
9.981281479920767197e-01 1.001140025887329976e+00 1.021993383231281083e+00 1.183008797261123402e+00 1.047717326834992635e+00 1.048879690573618184e+00 1.185842519211851576e+00
9.984515012545990276e-01 1.001025022335722880e+00 1.032153971572100426e+00 1.186389531622164206e+00 1.006432639173620469e+00 1.055027681433301279e+00 1.166026944800725218e+00
9.982141274297096079e-01 1.001283522077541566e+00 1.025725498316156115e+00 1.202291147439614738e+00 1.039964863582230947e+00 1.071262013711974381e+00 1.430612443665644884e+00
9.982283218478988918e-01 1.003225610652430433e+00 1.027662343642919307e+00 1.141248759779948330e+00 1.011088895677565436e+00 1.067349976698745984e+00 1.356578964344934857e+00
9.977623895983654956e-01 1.005399014909535538e+00 1.028179050053656507e+00 1.153984086612851456e+00 1.007683909136785516e+00 1.025030224573199256e+00 1.154444782747168663e+00
9.981388058390570084e-01 1.004155329007932806e+00 1.029125350028190944e+00 1.178557625097508721e+00 1.008076204860965053e+00 1.051211921276291594e+00 1.231059920813871056e+00
9.988153650185167542e-01 1.006253366473202515e+00 1.031289141923930064e+00 1.155636605297559516e+00 1.021210608723472912e+00 1.038353758588703712e+00 1.171268618319863286e+00
9.985091416159653788e-01 1.004300455692128224e+00 1.031862119041320414e+00 1.166095990619064882e+00 1.016339449045763788e+00 1.050471172136491438e+00 1.145174902568631081e+00
9.978620120161924012e-01 1.001455751313325759e+00 1.016308522062660646e+00 1.197576714406855203e+00 1.017814248806731658e+00 1.076724491040909726e+00 1.427393641570376515e+00
9.980588865108965813e-01 1.000777987873832098e+00 1.025620512698040443e+00 1.191020171884795253e+00 1.020380193629465415e+00 1.073316280931063460e+00 1.265599754060321658e+00
9.976465758862158584e-01 1.004963592194042743e+00 1.023450098045868728e+00 1.173589619820200936e+00 1.028924865944015776e+00 1.037121533670894102e+00 1.292511732448524686e+00
9.980512002396607629e-01 1.000880504361363998e+00 1.022738293455424552e+00 1.160122125180201413e+00 1.018792176746417644e+00 1.081669461586716396e+00 1.427222278046938797e+00
9.980436271666123238e-01 1.001251064652077805e+00 1.031661495570777465e+00 1.174648488261819557e+00 1.039719751970273887e+00 1.091148191405284296e+00 1.304749660953282930e+00
9.979230928226826558e-01 1.004463590484198532e+00 1.025330884404903609e+00 1.179373145929097255e+00 1.044387440274565870e+00 1.079119824928170379e+00 1.287602198691987887e+00
9.985209707971062221e-01 1.000422155548474024e+00 1.029310154496378527e+00 1.191978412448200464e+00 1.019300600841874571e+00 1.058676975445128843e+00 1.273065859944993328e+00
9.983356493226527295e-01 1.002354325045456740e+00 1.022163062529582112e+00 1.173181515794175400e+00 1.023132701424471769e+00 1.042057525673074192e+00 1.184749243459559231e+00
9.981022257477201176e-01 1.003190691944652713e+00 1.024276905526523951e+00 1.167978683261524431e+00 1.028831881217188382e+00 1.065715920783304904e+00 1.324222576554838104e+00
9.982248296158935386e-01 9.975575485795225017e-01 1.030284355569417443e+00 1.209285713206829538e+00 1.032539183484259215e+00 1.051049096600386701e+00 1.201377970678415785e+00
9.984283497986676803e-01 1.002248931618127781e+00 1.026128890110811653e+00 1.202701565517148463e+00 1.035849392269203362e+00 1.039557978947372119e+00 1.246398125203723728e+00
9.982190953494953778e-01 1.005265327697859146e+00 1.021299014643016312e+00 1.189703208328568129e+00 1.018133139496311790e+00 1.045167117176106331e+00 1.241929828519458212e+00
9.979812506180463227e-01 1.002770289426214489e+00 1.026857638517072679e+00 1.185913601095139214e+00 1.032291927586021396e+00 1.084149781071807261e+00 1.239071212556160484e+00
9.983740574772880239e-01 1.005482111859072658e+00 1.029319365252016061e+00 1.189343783318852932e+00 1.019904942128821324e+00 1.063515076869910203e+00 1.176106089503336394e+00
9.974686926377340779e-01 1.002998777386226115e+00 1.024401998809642889e+00 1.190920139700648139e+00 1.064226283502817783e+00 1.062038892320609662e+00 1.302483776247064462e+00
9.980434717772750375e-01 1.005047577806198245e+00 1.027422505735184899e+00 1.166818255687376071e+00 1.058673470316553678e+00 1.087760300801841495e+00 1.313374362738079837e+00
9.981039389517661897e-01 1.002323395968319986e+00 1.024751410953779196e+00 1.188865559944654704e+00 1.034011651586167702e+00 1.071176715475853580e+00 1.276013261233180929e+00
9.978966625371130661e-01 1.007135884047740682e+00 1.029403774830629281e+00 1.192248082544401733e+00 1.033889305469117614e+00 1.090074621000407085e+00 1.247066467404612133e+00
9.981005775754361320e-01 9.972518001654296915e-01 1.025297785496014358e+00 1.203626289064878341e+00 1.029674972239910336e+00 1.051049311592489044e+00 1.256382632714494463e+00
9.983284578259385977e-01 9.992631062221394300e-01 1.027804012336770878e+00 1.212263363359156632e+00 1.039363984340697433e+00 1.075496254895397463e+00 1.197149178688782456e+00
9.979784844436975222e-01 1.002592470130172053e+00 1.033212725285431066e+00 1.168096156928567497e+00 1.034331561011403444e+00 1.093937849100143023e+00 1.221070304722290611e+00
9.984342973374218388e-01 1.001281874129225979e+00 1.019121150552250388e+00 1.179545712436792293e+00 1.027419403981158830e+00 1.055888332715387623e+00 1.137486928046480550e+00
9.984564377818372360e-01 1.001649345601635988e+00 1.027485488351354892e+00 1.175692097091019406e+00 1.021751700139623686e+00 1.072658281642781652e+00 1.216098206117506519e+00
9.980650301416624792e-01 1.005187114916485935e+00 1.021183009202598191e+00 1.182635813091267973e+00 1.038790135527832170e+00 1.047609442233265575e+00 1.439700435269087420e+00
9.980140487880353461e-01 1.003916355685320561e+00 1.020326801518405269e+00 1.176308198796766513e+00 1.030533874836556230e+00 1.062410117517653241e+00 1.212781136631493561e+00
9.985037160334460093e-01 1.005560365974778936e+00 1.024138001040636681e+00 1.173739646886528654e+00 1.024189900594599134e+00 1.039613282711858044e+00 1.191135872634163206e+00
9.980032596697800962e-01 1.000682973420961241e+00 1.033315461978647765e+00 1.203952758298076464e+00 1.005404569670577786e+00 1.042173290283705533e+00 1.288266558903838011e+00
9.976945660544825900e-01 1.002160958153362591e+00 1.019886406335936080e+00 1.149678039833041732e+00 1.016506271479055368e+00 1.047325446704146845e+00 1.262380612624213860e+00
9.978146360176878282e-01 9.985416084180251950e-01 1.028428101772659975e+00 1.191070233464806449e+00 1.048646438658598967e+00 1.073200954356717585e+00 1.155194780629966056e+00
9.979029022209451316e-01 1.004794582509255463e+00 1.027787866139787010e+00 1.183002566340489947e+00 1.016355070572434238e+00 1.058246087536242719e+00 1.378763908113592507e+00
9.984404576757258676e-01 1.004771915023107143e+00 1.029082811011599263e+00 1.158206879109181964e+00 1.009416187655318931e+00 1.098824058841063156e+00 1.406712204068594874e+00
9.984192563769083151e-01 1.004649248588526111e+00 1.030647862934702008e+00 1.233307799310614739e+00 1.030629856396480637e+00 1.067096671055949519e+00 1.185832419581506869e+00
9.984393543103824431e-01 1.010076552343502243e+00 1.017699538567842454e+00 1.188681913494947340e+00 1.023708195975504331e+00 1.061865575532091821e+00 1.184783617864309191e+00
9.978788247276637602e-01 1.001781247929130814e+00 1.021781277897237272e+00 1.183282433692050217e+00 1.003986633584492472e+00 1.111601608666281660e+00 1.403436125879125695e+00
9.984916446599512163e-01 1.003747778350524866e+00 1.028084180427983885e+00 1.167041208405361852e+00 1.008127161526160664e+00 1.081535390942863550e+00 1.398699911451764422e+00
9.982571406989271257e-01 1.001723325808952847e+00 1.032483499343821887e+00 1.157596633704815581e+00 1.032580519855516910e+00 1.064342580007889172e+00 1.189251297629138726e+00
9.976967337101716460e-01 9.962876156343382084e-01 1.035009721895848056e+00 1.170041633599513187e+00 1.022456386707909948e+00 1.054310318537287738e+00 1.349592794140655805e+00
9.982287586549730696e-01 1.001587504330442968e+00 1.022820985409476968e+00 1.177962140999172735e+00 1.018694026412143350e+00 1.051079488145926000e+00 1.316327581557543924e+00
9.981251231365330101e-01 1.004512416894995708e+00 1.018808276845106997e+00 1.184447827741989867e+00 1.028531068871401555e+00 1.058475804677272425e+00 1.240661080974724273e+00
9.984419996534029673e-01 1.002061580850411859e+00 1.031060420517670329e+00 1.184549378887700399e+00 1.028690583458809815e+00 1.054082987929984672e+00 1.242100038841159826e+00
9.979604710992256988e-01 1.004503151474419154e+00 1.031344761232011464e+00 1.186276683543798338e+00 1.040465035544584360e+00 1.052967162847866067e+00 1.146612992286074162e+00
9.980034217659380369e-01 1.008220232410478312e+00 1.032978133899822737e+00 1.226638680880149712e+00 1.019586871633823444e+00 1.047563724863455281e+00 1.321392221758744379e+00
9.976643716657158656e-01 1.006412608853973101e+00 1.030555726396221949e+00 1.138217228302909056e+00 1.018000530050247932e+00 1.039901400558770339e+00 1.135097381422093266e+00
9.976591607033590270e-01 1.000288179925505228e+00 1.028346347043778586e+00 1.205097956109679069e+00 1.022797981881772067e+00 1.028943596083395251e+00 1.224799120605355451e+00
9.982994689746723660e-01 1.000319382029132731e+00 1.032169451462789045e+00 1.167708294958619719e+00 1.042112673788861521e+00 1.093070627339156609e+00 1.375501015720974385e+00
9.982011260124780128e-01 1.003623993694458871e+00 1.031056917285814167e+00 1.149139667891715177e+00 1.019935222172989375e+00 1.049355682956844893e+00 1.352078455353373343e+00
9.979638072038923280e-01 9.992647097046569726e-01 1.036557776246687101e+00 1.134552043161211721e+00 1.008319352668223701e+00 1.064893018225557597e+00 1.217933509618986943e+00
9.975599087313679059e-01 1.004330605179443170e+00 1.025304399871772132e+00 1.141695273641537334e+00 1.015248942708638191e+00 1.041462985825623910e+00 1.285520748036916183e+00
9.981027119056580243e-01 1.006960232047940718e+00 1.022219191232990321e+00 1.176815079903590799e+00 1.029042287595204330e+00 1.057053721016102843e+00 1.251023503854651331e+00
9.979730172761315243e-01 1.003655708504337607e+00 1.023455015234635779e+00 1.145621150905051122e+00 1.010980276178123916e+00 1.046412817894705638e+00 1.244766911583482738e+00
9.981970196978600107e-01 1.003642475578984339e+00 1.037825897185236990e+00 1.164768915584012854e+00 1.012930220735717812e+00 1.088147798794378840e+00 1.287196747399288244e+00
9.979378270859401434e-01 1.006388784511426104e+00 1.022526647624446561e+00 1.210543711722374516e+00 1.004353913046793334e+00 1.018646476269206014e+00 1.170581444059055176e+00
9.982051565406905302e-01 1.001125804204235692e+00 1.031926692120793021e+00 1.175820192408160825e+00 1.037360424702704398e+00 1.106269535468950238e+00 1.361199572000284519e+00
9.977653549887453011e-01 1.001829475309057305e+00 1.031497885507306922e+00 1.163703637101756838e+00 1.041285653913595510e+00 1.079334672947400264e+00 1.282482276629738127e+00
9.980824538655423961e-01 1.001382770905329789e+00 1.025723405617483763e+00 1.237197659781398063e+00 1.036813776464935000e+00 1.044865644495003965e+00 1.247052502305700639e+00
9.980089921291419586e-01 9.990838940712214455e-01 1.025622805609838206e+00 1.194734024963722607e+00 1.012616157761424329e+00 1.030714189101630485e+00 1.257547023937712005e+00
9.977516335332797803e-01 1.005981504692370576e+00 1.025115985536101837e+00 1.191497160898630225e+00 1.011783223570276835e+00 1.024847385486298279e+00 1.158227082587920842e+00
9.981634357525860368e-01 1.002921904199894243e+00 1.032807338801301267e+00 1.147650274203838805e+00 1.021234877616193026e+00 1.036920682931555593e+00 1.273326797049616044e+00
9.979619155138446107e-01 1.004844692909785397e+00 1.029217868798611768e+00 1.142173659335787406e+00 1.045568678772559990e+00 1.046029057276519403e+00 1.211406413686503036e+00
9.978050710672862200e-01 1.003065009218202519e+00 1.024772084837237252e+00 1.163111334613662118e+00 1.020289554674480792e+00 1.050734296122906253e+00 1.271291860839650623e+00
9.984702409265900913e-01 1.000818360717141475e+00 1.024628228682658460e+00 1.184087049915642620e+00 1.032375611585876873e+00 1.035030316167718789e+00 1.155627639353652647e+00
9.985036283146165870e-01 1.003568479703118355e+00 1.021990955351634200e+00 1.208837357392115397e+00 1.035675763153800943e+00 1.054843920296586912e+00 1.207564713258345579e+00
9.978647537531273315e-01 1.001659877308956226e+00 1.023829434734181643e+00 1.195555914522896890e+00 1.023351323815002489e+00 1.034722945264058058e+00 1.273511685509097990e+00
9.983371147270145851e-01 1.001232718874752292e+00 1.020255655526278282e+00 1.194981738622433953e+00 1.018808088947338764e+00 1.064169442429780732e+00 1.194417835271094797e+00
9.977229192759783372e-01 1.003413198858175370e+00 1.024050563480878084e+00 1.206303790553613364e+00 1.018469355595198023e+00 1.048523159571085106e+00 1.180191092770160211e+00
