9.996533699480056878e-01 1.024426073893616174e+00 1.076130717053246588e+00 1.154673952012321037e+00 1.172336412516817639e+00 1.095148723649894240e+00 1.293954604396961416e+00
1.006466018889066616e+00 1.026772827224715190e+00 1.063829948691264349e+00 1.114928428132527571e+00 1.110668225358583561e+00 1.041704967602556930e+00 1.045940031950491012e+00
1.009846881334444779e+00 1.027640039831412055e+00 1.051992219574936049e+00 1.080926114399193949e+00 1.106934886081912595e+00 1.029414493175132339e+00 1.043715039486371898e+00
1.011416528914877544e+00 1.026922139556044833e+00 1.055188013433625560e+00 1.085633916564476387e+00 1.072700904739015471e+00 1.034091188076264212e+00 1.146586867249983932e+00
1.012352787816991784e+00 1.026019544704091180e+00 1.051193088232787565e+00 1.084279332844858779e+00 1.080027818575948206e+00 1.033274366472193728e+00 1.054376595313253562e+00
1.013329306571613353e+00 1.030321061054314757e+00 1.045891028748004103e+00 1.067379042215711893e+00 1.057230843549093802e+00 1.042974281010965898e+00 1.116397872120145074e+00
1.014201682595906151e+00 1.028642591408441609e+00 1.046223157010971239e+00 1.076171228719680739e+00 1.080773596938384262e+00 1.034382827522231985e+00 1.075195352403303772e+00
1.013862819596845544e+00 1.030046188522842909e+00 1.053701526226598295e+00 1.075419236860768457e+00 1.061406119297114925e+00 1.031866561439645391e+00 1.071849261548191601e+00
1.014685318557289051e+00 1.029134232144865102e+00 1.051463385756992164e+00 1.069711112422546906e+00 1.054750642787314341e+00 1.042417083929104926e+00 1.078411271704112551e+00
1.013280383309098864e+00 1.027647432577944997e+00 1.050236219001597471e+00 1.065632534624601835e+00 1.056123248688814353e+00 1.035905281325258276e+00 1.067761171301443879e+00
1.013951160605128354e+00 1.028799017851316888e+00 1.045177148322817828e+00 1.068429719345002304e+00 1.044627676370240010e+00 1.025396421765206512e+00 1.054588725782915182e+00
1.013313214000910234e+00 1.028742663436251092e+00 1.049063809153064408e+00 1.076540401359664001e+00 1.059283011047090106e+00 1.034389511405986672e+00 1.085361780192509062e+00
1.014627165267267150e+00 1.028011843588493068e+00 1.050383244122814919e+00 1.059838374282006557e+00 1.064089471310922796e+00 1.039790477192666929e+00 1.059654987018844530e+00
1.013579239972966839e+00 1.028065718032243225e+00 1.047656120131425839e+00 1.072078136364599477e+00 1.079949716996664755e+00 1.033230207436756309e+00 1.040891250942739044e+00
1.013966353347119487e+00 1.028501791462226977e+00 1.049869728233121080e+00 1.062207247450730696e+00 1.061916192333572262e+00 1.037967805978850855e+00 1.092858364350168809e+00
1.014370578972005443e+00 1.028445112004320761e+00 1.046336965488825044e+00 1.073748787193280485e+00 1.063328974475845179e+00 1.024355796841952992e+00 1.026521789476189550e+00
1.015401413223919524e+00 1.028697700496645773e+00 1.048650854178325043e+00 1.075588323982521688e+00 1.054049385151609730e+00 1.035735980186570204e+00 1.052412029036733809e+00
1.014122388951562259e+00 1.027276103592982714e+00 1.048442346456984975e+00 1.073929257674314686e+00 1.067788571155103838e+00 1.036069190355040082e+00 1.038435884649335117e+00
1.014005333439612411e+00 1.027042950670921106e+00 1.053798975330876520e+00 1.086010085920403601e+00 1.064012573437595810e+00 1.035674117309445474e+00 1.064481824210317562e+00
1.013944616405928700e+00 1.025349188934383982e+00 1.059636690922048485e+00 1.075713286826195603e+00 1.054303912529817255e+00 1.031428900496877743e+00 1.047513701934449593e+00
1.013312436603405864e+00 1.027604559094051462e+00 1.047336338603885419e+00 1.073527396788433563e+00 1.041820576900128970e+00 1.048748859767744346e+00 1.060334973037674100e+00
1.014858075064292375e+00 1.028427179049519857e+00 1.050912646192910804e+00 1.064547089075787767e+00 1.058811613324702083e+00 1.034349995451607551e+00 1.064190220944941423e+00
1.013563511825172903e+00 1.030287654329332225e+00 1.046967687247246648e+00 1.056940998449542590e+00 1.058167574206869466e+00 1.039939388138235277e+00 1.077115599683765357e+00
1.013875423056876501e+00 1.029571062682218097e+00 1.046476339769421227e+00 1.064559118371499524e+00 1.070260266436115160e+00 1.036500150802533327e+00 1.082996778570451735e+00
1.014255154445826701e+00 1.027621596352979338e+00 1.051807124386372250e+00 1.069983366322799778e+00 1.103056717771139894e+00 1.033855040835647277e+00 1.048576820914923768e+00
1.014432716367213105e+00 1.028861470319062388e+00 1.052465989188706930e+00 1.071893356807053665e+00 1.068065777685295537e+00 1.056041915350079741e+00 1.050559170375338525e+00
1.013930504020037482e+00 1.029325238991967373e+00 1.045805447840989721e+00 1.082122504959152520e+00 1.058779648641072324e+00 1.046541632217096840e+00 1.052627691849951308e+00
1.015139612755838749e+00 1.027624646069684733e+00 1.055055572175873202e+00 1.066308407734114283e+00 1.059196808008901369e+00 1.029318175012172709e+00 1.070791524709043374e+00
1.015173615307626953e+00 1.028489364671261619e+00 1.049660153995544132e+00 1.087323648786740371e+00 1.063342943660537498e+00 1.043518745448982266e+00 1.035568976564956056e+00
1.013389010427017567e+00 1.026253666985552204e+00 1.046932519663826833e+00 1.075910966980569539e+00 1.062103396703203195e+00 1.026007970227535759e+00 1.047305280835334029e+00
1.014375987119494393e+00 1.029551642448129689e+00 1.053394590866712166e+00 1.060360422372163658e+00 1.064180024803756286e+00 1.037604071413796847e+00 1.082150450421689669e+00
1.014817961735019258e+00 1.029994296647764429e+00 1.051516645417302609e+00 1.076660356209005354e+00 1.071075481708906763e+00 1.041088746553830324e+00 1.059209769381346256e+00
1.014507988535277683e+00 1.029268119582545937e+00 1.060504033501812771e+00 1.079711272622462914e+00 1.056433524514989175e+00 1.038456758726496121e+00 1.051944524120822733e+00
1.015117968402404536e+00 1.027224182369585570e+00 1.047959767718125157e+00 1.069762148903286247e+00 1.073205748305745777e+00 1.047494915895438972e+00 1.051711678683391993e+00
1.014006966274456856e+00 1.026289435485698176e+00 1.048566977635284170e+00 1.079975622900018362e+00 1.045365425650089053e+00 1.035255650908336600e+00 1.063319417568343805e+00
1.013285588484962085e+00 1.026723148271079911e+00 1.047088173533035294e+00 1.073495542656609736e+00 1.090539839345626483e+00 1.046118054597257485e+00 1.082901697238234373e+00
1.014947825948889326e+00 1.027905268219752699e+00 1.048465247457369909e+00 1.068673667362129098e+00 1.077111269049522591e+00 1.028748020947773290e+00 1.070875570144619537e+00
1.014521254101072634e+00 1.026305315080089597e+00 1.053485334062584933e+00 1.056975602421534877e+00 1.063406038781583351e+00 1.040186860457101847e+00 1.079824041043015548e+00
1.014831889011690524e+00 1.027901671099374026e+00 1.054521108939049601e+00 1.076054179108169917e+00 1.068805473878982060e+00 1.035190656564172862e+00 1.055238626716588968e+00
1.014894099867815980e+00 1.027844120719239918e+00 1.042961499580723705e+00 1.084984678856597107e+00 1.043353373961328101e+00 1.025157828035016649e+00 1.094578934956410787e+00
1.014533936735189101e+00 1.027250374238954045e+00 1.045543139765296781e+00 1.068160687841026135e+00 1.082024944681662326e+00 1.041181400112231703e+00 1.057941109186319117e+00
1.013736084738577903e+00 1.029215612776691602e+00 1.048582706079784987e+00 1.076169446342437164e+00 1.056387583340440139e+00 1.036822965338753511e+00 1.088563136047321134e+00
1.014480046399038216e+00 1.029338850043772124e+00 1.041561949018502853e+00 1.077219867811414877e+00 1.069486942095796422e+00 1.043632683603982425e+00 1.062714885631953710e+00
1.013536525580526870e+00 1.028789763745814323e+00 1.050832138296262208e+00 1.070172478379309400e+00 1.063653858983131695e+00 1.020693763035195989e+00 1.086882212993439900e+00
1.014514404608344744e+00 1.026648530925261316e+00 1.054497728096332354e+00 1.067238568076668503e+00 1.071488014905572994e+00 1.019888342856790864e+00 1.079714820846278345e+00
1.013850388247822032e+00 1.027611145322501418e+00 1.047369222039763681e+00 1.060804992281034753e+00 1.077131549779630770e+00 1.045540106382472967e+00 1.065690027339666557e+00
1.014356236629884389e+00 1.028258618859069218e+00 1.052074679579781069e+00 1.080338311444101196e+00 1.077572623917874672e+00 1.046474162823036291e+00 1.050907257426045849e+00
1.014302374668855089e+00 1.024952807655073794e+00 1.048594692259545269e+00 1.065768632343797595e+00 1.052017028750044103e+00 1.044480401624185317e+00 1.057379528054895657e+00
1.014044972125464961e+00 1.027412689226129938e+00 1.051930017000614503e+00 1.063087809398879147e+00 1.077528234346190494e+00 1.027318697832203309e+00 1.032199938159992669e+00
1.014847416873084773e+00 1.027837687107038711e+00 1.047870841403969022e+00 1.068703807649269866e+00 1.057335863499466289e+00 1.033596535081726886e+00 1.055232627995697836e+00
1.014685729496249023e+00 1.028101935164138059e+00 1.051352207958810903e+00 1.070621512198476122e+00 1.060911616576449834e+00 1.036517509691801342e+00 1.091952509781044522e+00
1.014459594668457143e+00 1.030940462083931752e+00 1.043358369639408867e+00 1.067878587788897882e+00 1.060151121810214425e+00 1.024044898403790427e+00 1.067143462544567933e+00
1.014504164900145833e+00 1.027937803541451922e+00 1.054529902676609066e+00 1.065662297921519563e+00 1.068259417452757765e+00 1.035926512848490466e+00 1.058234697750369602e+00
1.013506495580826838e+00 1.027192493087490721e+00 1.053453359427050096e+00 1.064409462775724791e+00 1.069908254553577631e+00 1.040969708625638646e+00 1.060470656556897096e+00
1.014886307002883514e+00 1.027008190693650791e+00 1.054106701123867396e+00 1.072485644366173219e+00 1.092895050172900895e+00 1.054091488172103741e+00 1.069521276703859769e+00
1.014664998708010524e+00 1.026110623000684008e+00 1.047017506365078843e+00 1.080667010765845149e+00 1.048066178402475623e+00 1.035629973505467483e+00 1.061316772835752431e+00
1.013938076510037867e+00 1.027896420777295816e+00 1.046618971699623923e+00 1.074709777264189592e+00 1.061797206471347010e+00 1.040750601163063394e+00 1.066658457898387313e+00
1.014657200234710288e+00 1.029586742805578492e+00 1.049705905869251055e+00 1.069611663985176042e+00 1.114385206400473560e+00 1.047421664792581364e+00 1.056271291380266319e+00
1.015699903063604026e+00 1.028589774225697306e+00 1.051089537835598220e+00 1.081528181986951331e+00 1.100102201617865649e+00 1.044401630734535846e+00 1.031725180358807226e+00
1.013817158934263940e+00 1.028667746310184539e+00 1.047965142241705561e+00 1.058613970535016158e+00 1.079732444486439347e+00 1.046570756188791806e+00 1.052222570602410423e+00
1.014101343513189368e+00 1.027266091534080106e+00 1.046596028111605348e+00 1.069611151079130629e+00 1.062205001562879669e+00 1.022405634299873078e+00 1.047765329004822110e+00
1.013705103177051203e+00 1.026584677541127810e+00 1.052011942018724167e+00 1.078311182535453217e+00 1.039251961387420042e+00 1.037910960932680648e+00 1.046741086866934012e+00
1.013917285003980373e+00 1.028994070679914330e+00 1.052982115621059922e+00 1.077293041070448210e+00 1.073515250111224839e+00 1.039544682069556636e+00 1.067283733861106088e+00
1.014263417585211657e+00 1.028139281993291743e+00 1.046667592213815112e+00 1.065450695290715011e+00 1.074159491028343627e+00 1.027161035591945826e+00 1.061462026975851014e+00
1.015080022401288362e+00 1.028745701741210716e+00 1.051349367488616959e+00 1.061479383795233433e+00 1.062571555015632940e+00 1.034610839913654878e+00 1.078494360086162285e+00
1.015406738651239982e+00 1.027514688824449074e+00 1.046174269968574100e+00 1.069134869680628208e+00 1.053114053724402810e+00 1.037297719343769575e+00 1.047265257678453354e+00
1.013868541197097572e+00 1.028450160106670896e+00 1.043512555922150309e+00 1.076571075563554469e+00 1.074705110395020036e+00 1.046074334782941984e+00 1.075593708973723972e+00
1.013966155806697911e+00 1.028497717222153440e+00 1.045805810649242495e+00 1.064980744746391705e+00 1.067009765014550915e+00 1.037331344556482238e+00 1.031671698135903092e+00
1.013439509581279374e+00 1.027623737326192721e+00 1.053405204024435493e+00 1.068875469687352142e+00 1.037678333227413319e+00 1.032639956850436969e+00 1.086103793487047886e+00
1.014325560084926359e+00 1.028893853077604170e+00 1.051414963546840164e+00 1.079954000548696724e+00 1.057688631401280777e+00 1.034046432642778068e+00 1.138812112590974035e+00
1.014356814789360239e+00 1.026652540350190046e+00 1.058745143905156727e+00 1.082555716071312624e+00 1.043068997900389316e+00 1.034420109393092702e+00 1.085360803665912588e+00
1.014333141135075778e+00 1.030867614692487333e+00 1.051447390274507399e+00 1.066784811901148045e+00 1.053894946114010578e+00 1.023223706669391664e+00 1.083272300674886779e+00
1.014037502252751022e+00 1.029570552891607704e+00 1.048937603900607307e+00 1.071127978521929869e+00 1.077176003681083571e+00 1.030333376326437733e+00 1.070050533805693593e+00
1.014117774255562043e+00 1.026297356895041535e+00 1.052195472138256926e+00 1.061810431862145743e+00 1.080227284060141235e+00 1.038497508339275344e+00 1.045700761346506802e+00
1.014190617828508056e+00 1.029805604913563322e+00 1.048440120213451010e+00 1.062227331862279689e+00 1.079761246917484652e+00 1.058231968702264769e+00 1.085263449467550156e+00
1.014195524288251438e+00 1.029988849044978672e+00 1.044769710458764767e+00 1.061340706530658595e+00 1.055382305359071404e+00 1.039125760984240809e+00 1.051421999698555432e+00
1.014286943643252892e+00 1.028287542124394882e+00 1.044021464281931433e+00 1.063390105299330646e+00 1.066461892916270138e+00 1.034715045161659575e+00 1.071747656863904830e+00
1.013861050607441694e+00 1.031589394352824041e+00 1.046516549596172574e+00 1.062719052120567165e+00 1.067354494325996050e+00 1.042279937986023697e+00 1.101887561281433170e+00
1.015016499639145087e+00 1.029802038288049504e+00 1.055107269630505495e+00 1.071305368558341575e+00 1.063531637112115069e+00 1.051960329302413788e+00 1.063720930769485262e+00
1.014202027064442957e+00 1.029806598533963280e+00 1.047798420177736833e+00 1.076525138775558776e+00 1.063764494344701994e+00 1.035630947751627451e+00 1.072610570801368457e+00
1.014371634929353450e+00 1.027554055802893718e+00 1.044629574582079723e+00 1.069339356013757403e+00 1.068425401688521958e+00 1.052921701953486444e+00 1.037478158786251603e+00
1.014108104201920213e+00 1.025975023915032036e+00 1.042935244623341307e+00 1.075173359212450386e+00 1.072724726941082007e+00 1.031720660512694288e+00 1.053368790608609107e+00
1.013973373532046640e+00 1.029847193625948343e+00 1.052959451958789261e+00 1.087026272252283654e+00 1.060236720221811701e+00 1.035905023328299812e+00 1.057087129443258000e+00
1.015119111722078138e+00 1.028877899201378288e+00 1.047989501610513186e+00 1.066663671648614198e+00 1.065541012110267971e+00 1.039062725749754668e+00 1.035292313035103939e+00
1.015256774042465837e+00 1.028132252726093876e+00 1.049128780711504394e+00 1.071576157389930950e+00 1.047471406074820255e+00 1.034201959791932524e+00 1.048208049539860243e+00
1.013748597111344019e+00 1.026616352328016735e+00 1.053290342554133119e+00 1.073211315309538394e+00 1.059318820047256304e+00 1.058543556811518904e+00 1.065576432241815752e+00
1.014906071578534075e+00 1.027282702082803256e+00 1.044961794995716176e+00 1.071053471616643771e+00 1.077253932110461498e+00 1.041467464020389810e+00 1.087416238575502847e+00
1.014396972621859350e+00 1.027953135845585120e+00 1.047526551617452117e+00 1.069684435867817474e+00 1.068435669629265838e+00 1.040971407374107205e+00 1.055391646932159588e+00
1.014576625024421475e+00 1.027314893027704068e+00 1.050907273771968686e+00 1.070582343691554694e+00 1.057364791632844803e+00 1.036610260012988949e+00 1.052047425768383615e+00
1.014906808801508742e+00 1.028453226562351830e+00 1.050633272169712251e+00 1.062179478943404920e+00 1.062684908197925271e+00 1.041936224731250249e+00 1.068837175754863367e+00
1.014770716227759273e+00 1.028510769046958151e+00 1.047247676517951032e+00 1.060853670877561994e+00 1.069680422660197916e+00 1.036596887873130868e+00 1.075632576719363742e+00
1.013887293837256731e+00 1.028798127305454724e+00 1.043434812176811111e+00 1.068014781038920891e+00 1.093273036858976477e+00 1.041537638219651285e+00 1.059567854269103826e+00
1.014362748549570092e+00 1.028557478271477699e+00 1.047061282831327489e+00 1.079212124081613045e+00 1.057042543943850665e+00 1.041004106093853743e+00 1.075126734688272023e+00
1.014214228525716299e+00 1.030458257960536361e+00 1.052514383562476619e+00 1.077258477436683570e+00 1.068383207591239836e+00 1.039716050630851374e+00 1.041426028388554137e+00
1.013913699297374738e+00 1.028222134960361078e+00 1.046774016877074720e+00 1.077094973752535267e+00 1.106767899943158051e+00 1.043575681476989203e+00 1.043724553547503264e+00
1.014363679157734177e+00 1.026745866186888678e+00 1.047130320909638534e+00 1.076142612180759572e+00 1.057506799926678065e+00 1.025882644432610347e+00 1.057853918959039907e+00
1.013697380741595877e+00 1.029621341088127195e+00 1.042798641657803449e+00 1.068505195391527662e+00 1.069909033182675717e+00 1.054009756623180083e+00 1.091454743157532326e+00
1.015478907010922027e+00 1.027062345763781748e+00 1.049634200864774769e+00 1.057690564932669774e+00 1.047185255543381377e+00 1.042754075846605843e+00 1.046192825482796795e+00
1.013915416530614566e+00 1.029122593140447961e+00 1.052247328622848199e+00 1.074966498680786753e+00 1.053085908600576159e+00 1.024421077155279969e+00 1.047960724754773532e+00
1.013822200296198517e+00 1.028125107729449095e+00 1.047818348084125661e+00 1.087317203891354112e+00 1.068021082857521620e+00 1.043846668812398404e+00 1.053884517177005042e+00
