1.000789818969572753e+00 1.021073490367722325e+00 1.066961315841650881e+00 1.135975524195036668e+00 1.145241592552294296e+00 1.080868656658643623e+00 1.257986573941581643e+00
1.007230479660295774e+00 1.024887162241278959e+00 1.055631510473183488e+00 1.107847329353098376e+00 1.084103156816218938e+00 1.039116150025464647e+00 1.030506123762005899e+00
1.010702500029328155e+00 1.026349364213726023e+00 1.042608365395721215e+00 1.062382684236608865e+00 1.091395689767250543e+00 1.023553077773446063e+00 1.025978639428888117e+00
1.011740086013557471e+00 1.025795775041393743e+00 1.049948277155281495e+00 1.084134602346783716e+00 1.065966007918105252e+00 1.035901442475571477e+00 1.134789673117203357e+00
1.012637524308157122e+00 1.024370840950580730e+00 1.044555877045699965e+00 1.075721726133894496e+00 1.074080512310853219e+00 1.028708691944800746e+00 1.050512422134934454e+00
1.013800837931326582e+00 1.029041968060235179e+00 1.039407056381273398e+00 1.060670634265680645e+00 1.057497106085613314e+00 1.034389673618476113e+00 1.106743132475885405e+00
1.014228059516961045e+00 1.026505581065325190e+00 1.042271462229526602e+00 1.074614599132775794e+00 1.075411252450156008e+00 1.029447005925386183e+00 1.054798722331067085e+00
1.014204224560344425e+00 1.026730746385526638e+00 1.049616174704778082e+00 1.068359923301019254e+00 1.054341463704677961e+00 1.021783901498003244e+00 1.065839582090187587e+00
1.015244805220723467e+00 1.026783742737100047e+00 1.044955328254587812e+00 1.063586525322313125e+00 1.056143907598902310e+00 1.039170219601669887e+00 1.066121201604256052e+00
1.013370449785647498e+00 1.024379707971725617e+00 1.043803131691117825e+00 1.051704775008850401e+00 1.048292035847820269e+00 1.031528942845765240e+00 1.053850410540350335e+00
1.014445826193516975e+00 1.027599090858726916e+00 1.043068053358016112e+00 1.067364658181022774e+00 1.039682678083747813e+00 1.021795940814674175e+00 1.048492683730047670e+00
1.013402281595497056e+00 1.026028862377326378e+00 1.043412619695745391e+00 1.071777502417647465e+00 1.047551302167168519e+00 1.029821313090443891e+00 1.053418525795316141e+00
1.014752425191416396e+00 1.025580999807643279e+00 1.044645443785874539e+00 1.054514211692029857e+00 1.060078463606403787e+00 1.034200230461640668e+00 1.050327015553240262e+00
1.013874079269675432e+00 1.027363884840869268e+00 1.043050383424128258e+00 1.066335223507306473e+00 1.070559926293630060e+00 1.032269489379980865e+00 1.043783749877748246e+00
1.014244051084445264e+00 1.026414085398410281e+00 1.043120134440230995e+00 1.057965952941289034e+00 1.057889313165663925e+00 1.026294164521913466e+00 1.073899161490527998e+00
1.014565747132436968e+00 1.026079842249630447e+00 1.040149748855521361e+00 1.064462128716423095e+00 1.051584300434176056e+00 1.022450931455188172e+00 1.022493812640874244e+00
1.015620619309945072e+00 1.026582135525894390e+00 1.044317309709243968e+00 1.065269078461208441e+00 1.050407355431846046e+00 1.026673566757420719e+00 1.047454683194345648e+00
1.013876596089059223e+00 1.025750389490513781e+00 1.043981867086462678e+00 1.063501067480393747e+00 1.061798585027983632e+00 1.029737264277659214e+00 1.028288207476399041e+00
1.013901793761512904e+00 1.024809681323600064e+00 1.051755554798190051e+00 1.077248808029401372e+00 1.065627672778500123e+00 1.029441647838121421e+00 1.059429472376526293e+00
1.013850126209722147e+00 1.023839673278913676e+00 1.053688143710302061e+00 1.063244872936947694e+00 1.048991376237440987e+00 1.026510436472708676e+00 1.037845779746845221e+00
1.013690490608571970e+00 1.025720175230769637e+00 1.044088856664425968e+00 1.066751469460131219e+00 1.041034062221957157e+00 1.042076221527626911e+00 1.043819076360263720e+00
1.015025425020494199e+00 1.025631103182897963e+00 1.047480940727048448e+00 1.052620873923600042e+00 1.058268054074852582e+00 1.030626109900862231e+00 1.052490175633487457e+00
1.013598223853647839e+00 1.027921207217910027e+00 1.044844361479070560e+00 1.053125177327954631e+00 1.047221306174046740e+00 1.032874581821224380e+00 1.062517621576915428e+00
1.013842742863972468e+00 1.026509136083222140e+00 1.040799008330171249e+00 1.060101291684435676e+00 1.062036662976210355e+00 1.030808802491656184e+00 1.061537441482756305e+00
1.014379951358888921e+00 1.025724579024128946e+00 1.050362911991987058e+00 1.064640238458705035e+00 1.093083638738316932e+00 1.027060053141745311e+00 1.046069634398713255e+00
1.014840957107382646e+00 1.027520071045751937e+00 1.046192749839792047e+00 1.064872997637460461e+00 1.071570526127793244e+00 1.044455354439215222e+00 1.044872738991982297e+00
1.013754117856408232e+00 1.026851864297928962e+00 1.042433708661016922e+00 1.073183971496502576e+00 1.058232934185962204e+00 1.038996863042958019e+00 1.041550663099574781e+00
1.015138957256905172e+00 1.026388999985614614e+00 1.051459788639211856e+00 1.057722409027373134e+00 1.062464205707132958e+00 1.025023019187811357e+00 1.064469595501714938e+00
1.014818730643551881e+00 1.026936824640905854e+00 1.044580248133310629e+00 1.081818682265658360e+00 1.052780757318152460e+00 1.040850955446529058e+00 1.018612270297051037e+00
1.013296883878909593e+00 1.024597130951357293e+00 1.042366540910275585e+00 1.072372823408952014e+00 1.053236072164881687e+00 1.026110961469308691e+00 1.051949100887699773e+00
1.014755616994327259e+00 1.027091224923215362e+00 1.050664699495223342e+00 1.050328852706636784e+00 1.054151415004972225e+00 1.028613251640317028e+00 1.060381990373574279e+00
1.015086281591713879e+00 1.027944580651012352e+00 1.045811632135766001e+00 1.063314715479610095e+00 1.061778961175629643e+00 1.034014234403060950e+00 1.043171003138487540e+00
1.014423245002957330e+00 1.026203778442609238e+00 1.052971848088655404e+00 1.064451267543501389e+00 1.051695808903493567e+00 1.032558006450609245e+00 1.047333385261409955e+00
1.015129251264501153e+00 1.025729229870690373e+00 1.041483551372216043e+00 1.069244025347128257e+00 1.062623800604806990e+00 1.040878632839394191e+00 1.034883114038301244e+00
1.014101132501041169e+00 1.024863516866261426e+00 1.042892261933393794e+00 1.075420086099844408e+00 1.048500954251553985e+00 1.033110039353655640e+00 1.061017388558794572e+00
1.013418493021445155e+00 1.025246028462918568e+00 1.044116964771764966e+00 1.060805843596736020e+00 1.081682532786936823e+00 1.035582756363929491e+00 1.044064720851604733e+00
1.014618786129179107e+00 1.026123836511545928e+00 1.044037452336321392e+00 1.063029224347664892e+00 1.068123823125740612e+00 1.028914422930167438e+00 1.061831865002202502e+00
1.014254810418719455e+00 1.024864002182062084e+00 1.050175369836338524e+00 1.058368531120811973e+00 1.062100443546458717e+00 1.037540304348883335e+00 1.082587158340978517e+00
1.015116176579976770e+00 1.026652739500927058e+00 1.044557033900101128e+00 1.064192621459132404e+00 1.061320919804891183e+00 1.035024472415581487e+00 1.037720697871927333e+00
1.014906088618672708e+00 1.026258318574045036e+00 1.039175220434746638e+00 1.072135124228293934e+00 1.042331537934570118e+00 1.019483635498676488e+00 1.093188626003407826e+00
1.014673379617438975e+00 1.025774869891638685e+00 1.040475533557080112e+00 1.062884276974202180e+00 1.076771448115538155e+00 1.034235440086973323e+00 1.045787140760273681e+00
1.013803592877176696e+00 1.026245738235554317e+00 1.045158999986099513e+00 1.067932441640153218e+00 1.052295911758891478e+00 1.036086085434107407e+00 1.046801919732795128e+00
1.014710220406786156e+00 1.027240822912828921e+00 1.035949895444190361e+00 1.065640918453441222e+00 1.071091345512569903e+00 1.032025433111508850e+00 1.049956448396993647e+00
1.013482852377543209e+00 1.027296185646465077e+00 1.043082542384975664e+00 1.068191766105766494e+00 1.057523913336537058e+00 1.021437914460158858e+00 1.089505970124194034e+00
1.014445123687058192e+00 1.025224027006545580e+00 1.050112798879918818e+00 1.059697631097918258e+00 1.058851783331736574e+00 1.015730833771921748e+00 1.072976210347430071e+00
1.014024668170382171e+00 1.025904555895355674e+00 1.046306077298577719e+00 1.054445330932523017e+00 1.070612736642210683e+00 1.039538111391725916e+00 1.047868152238663253e+00
1.014229828327914529e+00 1.026895350337284851e+00 1.047894579942443505e+00 1.070125431104415270e+00 1.068845246519162906e+00 1.040515893232063727e+00 1.032405530230107171e+00
1.014880141327369589e+00 1.023483328413926419e+00 1.044622448130430481e+00 1.061333865507016805e+00 1.052343320037071539e+00 1.030878812133576350e+00 1.037280198337774850e+00
1.014153822156204088e+00 1.025307835987750327e+00 1.045367994803434453e+00 1.054501279733779384e+00 1.073330466273676009e+00 1.027684599798934340e+00 1.029725862621695853e+00
1.014670429834456655e+00 1.025577056759053196e+00 1.044045416819298744e+00 1.064430576256658600e+00 1.048555343215381130e+00 1.028365101467024534e+00 1.050503917245013685e+00
1.014504523964522953e+00 1.025341748039012790e+00 1.048192673076337567e+00 1.069731425345961329e+00 1.055168196563500249e+00 1.035205714978134628e+00 1.067126875747148373e+00
1.014627707449566207e+00 1.029009587017280181e+00 1.039120653799505245e+00 1.059678550438590605e+00 1.052120179902131136e+00 1.021020091285290476e+00 1.059022375827515461e+00
1.014645666674070190e+00 1.026627908786279075e+00 1.047808171346974238e+00 1.064484776037272651e+00 1.058751060780885656e+00 1.035889848021328330e+00 1.057029145622750743e+00
1.014247270784255139e+00 1.024808506343342529e+00 1.048308772265774014e+00 1.062481756058233806e+00 1.070449285533744632e+00 1.034789844229266009e+00 1.061082090419084967e+00
1.015190744407765466e+00 1.025062225266549332e+00 1.048883910177793588e+00 1.068601495392532463e+00 1.080151727207185663e+00 1.041365343346171812e+00 1.057781675751468864e+00
1.014910268559276574e+00 1.024651526189191086e+00 1.044057296484905972e+00 1.075728208829351606e+00 1.041115758880782671e+00 1.030943806281662045e+00 1.052691349585175296e+00
1.014123817937671701e+00 1.026526296403994731e+00 1.041410690348722357e+00 1.064538663623524783e+00 1.060277939553800675e+00 1.036861152723780766e+00 1.067786769184538853e+00
1.015081680416217269e+00 1.026619368135831767e+00 1.044099651396215744e+00 1.063734852463685820e+00 1.107673598772500156e+00 1.038114210689108585e+00 1.043072291009858210e+00
1.015569418599989282e+00 1.027582760600347367e+00 1.046447727549668638e+00 1.074908217105522645e+00 1.082823506537392344e+00 1.035342082833351274e+00 1.018735976723007308e+00
1.014024575184067967e+00 1.025974017186666254e+00 1.041003563361129425e+00 1.061258574541668942e+00 1.066527281426773666e+00 1.039229462960013617e+00 1.041265688191922223e+00
1.014388287191611893e+00 1.026018659065201177e+00 1.046115518897884344e+00 1.061964268817822132e+00 1.070077851149307868e+00 1.022794155938426597e+00 1.047352307744732869e+00
1.013373478000946015e+00 1.024734202506730529e+00 1.047221663828848737e+00 1.062447215381038479e+00 1.036842085456391782e+00 1.034269970788629589e+00 1.046112265608319714e+00
1.013997454828093225e+00 1.027241084975004881e+00 1.045496183312996763e+00 1.076263956684295531e+00 1.054286289292546197e+00 1.036191632917977890e+00 1.077073640944686161e+00
1.014333364118091607e+00 1.025972796743226390e+00 1.046012204542952961e+00 1.060845281823132868e+00 1.067003787080323285e+00 1.026508814285610471e+00 1.056284229179864198e+00
1.015145202147046843e+00 1.026868499443184923e+00 1.044127702327528162e+00 1.054929970965067687e+00 1.049606735842655070e+00 1.035579245047398400e+00 1.053622471399568994e+00
1.014754579365582554e+00 1.026620250401933943e+00 1.041552857289310241e+00 1.066875624114642207e+00 1.047866291620910051e+00 1.034459349970772379e+00 1.035491431531009532e+00
1.013513572628181425e+00 1.027446908261391734e+00 1.039725999056731798e+00 1.066332992744462249e+00 1.075694338875988088e+00 1.039190627382261312e+00 1.068899231736115452e+00
1.013963395719898131e+00 1.025901504787622986e+00 1.039090230376973567e+00 1.060547470457577024e+00 1.053621386325361176e+00 1.035459893561061051e+00 1.026475829578205268e+00
1.013518056831183234e+00 1.025491297420886516e+00 1.049099186735526379e+00 1.061365162818741936e+00 1.040499665274582597e+00 1.029649807060630362e+00 1.083849191384585797e+00
1.014316881481863053e+00 1.027105665993775396e+00 1.045781248819431131e+00 1.071498419461228924e+00 1.061715628031824510e+00 1.035969575364978912e+00 1.137722292831479853e+00
1.014591471022156410e+00 1.025541697245053729e+00 1.050260144663010653e+00 1.071444362579680787e+00 1.035803267420968510e+00 1.035148276698980352e+00 1.076396361955517467e+00
1.014244461518991614e+00 1.027282951814258771e+00 1.045643325946747693e+00 1.062845307243061699e+00 1.045310487495185736e+00 1.022480975124454350e+00 1.074313114632497790e+00
1.014247587433299902e+00 1.028017882456532028e+00 1.042770154488593004e+00 1.056097970737933878e+00 1.073888417024428277e+00 1.024513380924029882e+00 1.053467573231776200e+00
1.014040764342624579e+00 1.024229532631228512e+00 1.042465170246823503e+00 1.055211727872188421e+00 1.072933355627986973e+00 1.029342879117874920e+00 1.041024259264645924e+00
1.014441221798934478e+00 1.027738461155870642e+00 1.042403214591918204e+00 1.054216779854610930e+00 1.064244192630073194e+00 1.048596118553881240e+00 1.060833960839950851e+00
1.014355667169904107e+00 1.028020264190409705e+00 1.041624060809408725e+00 1.061289947985204929e+00 1.047955528744195286e+00 1.027107138128418917e+00 1.051908661614150864e+00
1.014477419676438341e+00 1.026815234854430381e+00 1.039081445231128997e+00 1.063327375148189757e+00 1.071122485987588302e+00 1.029500712434068266e+00 1.071118234109232903e+00
1.013840409515728513e+00 1.028179502989583050e+00 1.041761458994350242e+00 1.055295842891350588e+00 1.059669559253637150e+00 1.035870156200742187e+00 1.080554918826740263e+00
1.014671483984928013e+00 1.027935663052295112e+00 1.049928173224699446e+00 1.063318353129849347e+00 1.055736898873908425e+00 1.045035382973378280e+00 1.036558391491753550e+00
1.014392913844609279e+00 1.028063088576977258e+00 1.043536191788780654e+00 1.071122697649857569e+00 1.059955186073456401e+00 1.035134835671200682e+00 1.055849092451048410e+00
1.014023852083634214e+00 1.025570263793100345e+00 1.041529669028763649e+00 1.067740716676875756e+00 1.070032123524434109e+00 1.056291012980439037e+00 1.037681196080783241e+00
1.014079468816113216e+00 1.024409050185675518e+00 1.040620447989950792e+00 1.069066991661324906e+00 1.075403148830313294e+00 1.030117874092888242e+00 1.043166669434182570e+00
1.014297753862634766e+00 1.027772869990442484e+00 1.046326743038682672e+00 1.077701978835110097e+00 1.054647869869940635e+00 1.035834304988108245e+00 1.052581161336867410e+00
1.015093384857298719e+00 1.026027989309063804e+00 1.042112587548455149e+00 1.062235120518644216e+00 1.053588080433552676e+00 1.034843727550212256e+00 1.027148707908901004e+00
1.015490840954240692e+00 1.026093870123025997e+00 1.046677671704812740e+00 1.066071608169555152e+00 1.043418505419205555e+00 1.033486382084764621e+00 1.044443146466752292e+00
1.013835642252491898e+00 1.024433915014972829e+00 1.050816870770871159e+00 1.068181120949571739e+00 1.050848897492481226e+00 1.049482087305071421e+00 1.045368480905249253e+00
1.015168530884932308e+00 1.024862277374617214e+00 1.041257886447915837e+00 1.067665506706675149e+00 1.071763142027106097e+00 1.041188788249257424e+00 1.078853385216822502e+00
1.014237627821135579e+00 1.024945655653974885e+00 1.042963104222933923e+00 1.061117741373528212e+00 1.063403786729132827e+00 1.024518843512525645e+00 1.049263544734390541e+00
1.014547149644626334e+00 1.025873109886378032e+00 1.045549755229764344e+00 1.066331159338906431e+00 1.051800498168169007e+00 1.030007233354687912e+00 1.041594339065462504e+00
1.014092464326257881e+00 1.026403759001533134e+00 1.045500985717632281e+00 1.060076166351402449e+00 1.055709279959171187e+00 1.028470649439511053e+00 1.045615722693094884e+00
1.014701031078895088e+00 1.026520881793810958e+00 1.043312041247240973e+00 1.054563287562159335e+00 1.068792229162761842e+00 1.035723977290561759e+00 1.067419132549303651e+00
1.014144645668293654e+00 1.026077629535947278e+00 1.039636150411484383e+00 1.063975374986784628e+00 1.080689957234193255e+00 1.039141617951009566e+00 1.053660895768404604e+00
1.014428424664434614e+00 1.025779951315768601e+00 1.042604522552032842e+00 1.073555332888596059e+00 1.051396582239962019e+00 1.032884193035886522e+00 1.065920740445958526e+00
1.014755665507477422e+00 1.028549938213870973e+00 1.045229865979061978e+00 1.061100425277612613e+00 1.064233274761317904e+00 1.031619255049587069e+00 1.032752219884630618e+00
1.014373319089250991e+00 1.025465226278633679e+00 1.041890431759327607e+00 1.075630826946756935e+00 1.100500151270590310e+00 1.035886055258206540e+00 1.027535459563776232e+00
1.014345415880256951e+00 1.024655292700047182e+00 1.044949840698959243e+00 1.066539882070851375e+00 1.052817943253835153e+00 1.018108265146914215e+00 1.054160710707173543e+00
1.013821262407025081e+00 1.026811785029973167e+00 1.038231077637233213e+00 1.060112202512568658e+00 1.054573892415667125e+00 1.042429601320354893e+00 1.088153889247218675e+00
1.015451411108748481e+00 1.023944929464593034e+00 1.043323537048782557e+00 1.055607134078244469e+00 1.050956959079925479e+00 1.037767760067736855e+00 1.045182084511780518e+00
1.013995279899979618e+00 1.026746024872940755e+00 1.047765426798001887e+00 1.067625136705490085e+00 1.049051336416146230e+00 1.027115631225927750e+00 1.049806507718281878e+00
1.014244408688384169e+00 1.025564647133311080e+00 1.044649534879514174e+00 1.072846552722245050e+00 1.058056285425448273e+00 1.036467551561788270e+00 1.045094537132544188e+00
