9.940299606496943996e-01 1.043085250555623844e+00 1.140066346426291677e+00 1.255394485118229042e+00 1.296415798963624910e+00 1.325843596403099234e+00 1.575848680683184622e+00
1.002203207005660790e+00 1.043630181791225686e+00 1.130837167084481898e+00 1.213220207941136941e+00 1.239751363505741333e+00 1.205054060046999886e+00 1.335815358977773037e+00
1.008048196042847566e+00 1.041996921087959382e+00 1.108423054001248520e+00 1.149926908446858631e+00 1.226270598052220162e+00 1.176455854488513975e+00 1.329603464320346928e+00
1.011981238356121082e+00 1.040778518275478293e+00 1.106286258811004952e+00 1.151672367846754863e+00 1.145874823793038955e+00 1.168961276372648683e+00 1.344910746816752933e+00
1.015169470458827439e+00 1.041622914479581219e+00 1.094589607753300387e+00 1.140973699570181799e+00 1.144037107824047439e+00 1.143759570767346245e+00 1.208293010294509084e+00
1.015344366443627022e+00 1.047030063964610846e+00 1.083712247454908351e+00 1.123504932429249870e+00 1.156475882406512001e+00 1.169397512069416445e+00 1.288380212842624051e+00
1.015858928974527009e+00 1.045964331769009714e+00 1.085648711749226392e+00 1.122162868458334462e+00 1.176242729100794859e+00 1.131782017702784859e+00 1.110629157122662747e+00
1.015489606107311094e+00 1.046551138095428213e+00 1.092512391805851024e+00 1.124192399637512718e+00 1.087846293354869376e+00 1.163036699593755552e+00 1.179200327551286120e+00
1.017035024310847025e+00 1.046950188337672838e+00 1.081128326309678256e+00 1.116100227978066073e+00 1.145892515405556367e+00 1.158857197813226492e+00 1.110446285234497843e+00
1.016493722405881872e+00 1.043475276220489301e+00 1.081357371726746397e+00 1.119426535293259750e+00 1.093948301546182167e+00 1.154059484418024972e+00 1.165048181448622877e+00
1.016182152186573262e+00 1.044160366653420713e+00 1.080565294091967443e+00 1.108139009768670968e+00 1.107287361205348208e+00 1.113269548227936889e+00 1.096074255511278350e+00
1.015523058532431744e+00 1.044752438155865937e+00 1.093848045751787179e+00 1.109747186718135215e+00 1.132510506255802740e+00 1.087758575618161583e+00 1.173162980988200932e+00
1.018120488790639211e+00 1.045686001267539522e+00 1.093302394078776940e+00 1.098054443803821334e+00 1.160972322906071774e+00 1.151636585896988585e+00 1.111454818719348925e+00
1.016238946393941633e+00 1.046056393962498721e+00 1.096875032514416315e+00 1.112046031419136494e+00 1.138088967552116859e+00 1.151087638413203385e+00 1.194809282471896106e+00
1.017525092196916114e+00 1.044469663422578742e+00 1.090969904370173937e+00 1.119810318020084461e+00 1.131266856094925721e+00 1.116714731211457812e+00 1.133626453156784564e+00
1.016540139634605433e+00 1.045002372430371418e+00 1.085017688115988532e+00 1.127080150160056471e+00 1.122177357000532449e+00 1.126674656260400198e+00 1.146235807792345351e+00
1.017823474991485622e+00 1.046408776965062071e+00 1.087912652228668842e+00 1.112562457904145985e+00 1.120604769810358281e+00 1.183084242216952742e+00 1.079216305477675331e+00
1.016331302931566816e+00 1.044440268435024244e+00 1.096540582014082554e+00 1.131172633316253284e+00 1.089749576653457508e+00 1.131589328194785304e+00 1.068077649298598164e+00
1.017566650610065127e+00 1.045334909952727376e+00 1.083285825769224164e+00 1.141267645609963077e+00 1.141088019854528124e+00 1.136573494116594141e+00 1.198962989632591070e+00
1.015521677120393207e+00 1.043306929724663989e+00 1.101232130828699862e+00 1.114342578456030353e+00 1.130519144439385837e+00 1.105967236442673141e+00 1.089765649090343569e+00
1.015255475010937269e+00 1.041123004844171085e+00 1.092019032168428438e+00 1.124294724719306249e+00 1.089489709935369754e+00 1.178003995821718775e+00 1.197459177824574894e+00
1.017006897438266000e+00 1.043169590726042095e+00 1.103480259295732235e+00 1.101113473145514110e+00 1.077266599430285687e+00 1.106053528932814833e+00 1.350563163618692775e+00
1.015924528054008569e+00 1.045812329615314340e+00 1.079282624621163755e+00 1.093604148195204573e+00 1.078906972263371955e+00 1.114603598653889804e+00 1.137320572959229059e+00
1.016238064823380194e+00 1.049850424619333644e+00 1.091274748771215775e+00 1.120173645309090249e+00 1.151693564262229463e+00 1.113074399509658141e+00 1.199643256629121080e+00
1.018136485944040714e+00 1.046785835825986943e+00 1.086037216437275132e+00 1.124647680458514376e+00 1.159002522274735991e+00 1.106994287441058766e+00 1.077332997399483849e+00
1.017266828980760041e+00 1.042990938550650615e+00 1.085032626501677422e+00 1.115343689769541680e+00 1.174753246511961891e+00 1.129625167594644486e+00 1.088619349157350591e+00
1.017469983359681862e+00 1.044495531569901159e+00 1.075654773027419298e+00 1.118679344295644640e+00 1.118816666050680420e+00 1.120174715803635257e+00 1.066482256911244431e+00
1.017888734031083597e+00 1.044269454751943105e+00 1.091704324898594702e+00 1.121998750823708368e+00 1.126471581351186080e+00 1.108916850774984031e+00 1.135421886233896283e+00
1.017966624662222541e+00 1.045366027123960651e+00 1.079343931738319773e+00 1.132430559167659556e+00 1.106385317987619965e+00 1.107463198544835770e+00 1.081111989331355439e+00
1.017285851939966568e+00 1.041544516992750857e+00 1.091542675957722697e+00 1.112449579422344792e+00 1.080848743346596752e+00 1.151268069859193499e+00 1.205699129089696120e+00
1.016953347663306140e+00 1.046710627031203433e+00 1.090720722671178144e+00 1.122974421704162618e+00 1.146819718837233104e+00 1.131052355228714390e+00 1.176184673021757110e+00
1.018376573908082117e+00 1.047905989222120082e+00 1.092539075548068395e+00 1.109993824897955061e+00 1.117685333255384883e+00 1.128266542608507450e+00 1.128195001697670730e+00
1.016827449977348197e+00 1.044862083912282413e+00 1.114657011057484715e+00 1.123037452279127990e+00 1.107209812157986528e+00 1.187654758698823754e+00 1.086109570509727895e+00
1.017984073494967223e+00 1.046071677162605518e+00 1.080504143465708555e+00 1.108191705610926281e+00 1.145599225657037978e+00 1.150774763793747768e+00 1.198904219404471005e+00
1.015875798546822750e+00 1.045630299252136686e+00 1.096881672739615343e+00 1.134234913909503373e+00 1.095308585270884150e+00 1.144731058791522038e+00 1.109090476510271817e+00
1.015851656720115015e+00 1.045546122020292179e+00 1.082881646822662525e+00 1.107770452162358366e+00 1.195952526416566908e+00 1.100362750896515918e+00 1.139372280772819046e+00
1.018370276989294609e+00 1.049266301857602279e+00 1.077711877559577536e+00 1.098331353343167116e+00 1.171035679352448122e+00 1.185231053380965571e+00 1.100814900679671915e+00
1.016618188681044366e+00 1.046571807682343591e+00 1.093938636943626586e+00 1.108377747281700465e+00 1.115754293021598453e+00 1.134840738874383526e+00 1.088255332752423366e+00
1.017961027341335312e+00 1.044138852574129306e+00 1.101941159995321051e+00 1.116567219736691818e+00 1.133364641422023311e+00 1.148108494542267488e+00 1.116272728111554979e+00
1.018834797160569572e+00 1.045147758051736542e+00 1.077787724990303175e+00 1.116138435900001502e+00 1.083754516285719838e+00 1.146551478261966572e+00 1.144805143869605413e+00
1.018010463549182898e+00 1.046124181743892434e+00 1.080030981439902504e+00 1.112395059691797083e+00 1.157248135084578688e+00 1.142189358342928340e+00 1.090596905596067590e+00
1.017399240028417307e+00 1.047796442243651871e+00 1.086703877362577897e+00 1.120024155993712522e+00 1.110360233094582760e+00 1.102510641898966526e+00 1.164718272444871028e+00
1.016627563424184366e+00 1.045540501866272676e+00 1.072035044214741939e+00 1.113536676127574232e+00 1.133026288086835587e+00 1.162891050750207267e+00 1.178362657044397910e+00
1.016923257672236680e+00 1.048229877607235849e+00 1.096431771280669487e+00 1.115833274567483269e+00 1.142666480322106715e+00 1.118352534899711426e+00 1.131428179128251221e+00
1.017840696071363293e+00 1.046802480012798187e+00 1.098888048650407345e+00 1.112435205071136579e+00 1.116586957386698886e+00 1.100082575285877384e+00 1.174816527724024784e+00
1.017552555724019481e+00 1.042303615249725812e+00 1.087267993772884411e+00 1.105093104775191515e+00 1.137924642399721131e+00 1.096529333224192104e+00 1.120904753881698079e+00
1.018506806969037948e+00 1.041797989450197637e+00 1.082054586493926607e+00 1.119766243602631217e+00 1.130288206973525167e+00 1.102006460026498935e+00 1.259785235720410235e+00
1.015507260866692851e+00 1.041671143593742688e+00 1.081449438101272031e+00 1.109679479381732836e+00 1.091025551168964602e+00 1.155874761895371750e+00 1.126973717909804718e+00
1.016537181990782246e+00 1.045149507641407682e+00 1.085545651823498492e+00 1.107301885107137229e+00 1.165722073509409817e+00 1.121938094213486670e+00 1.056728906085776298e+00
1.019753418379368171e+00 1.042199397649069326e+00 1.079685204381582775e+00 1.119730363436890030e+00 1.153763194165690509e+00 1.102577909550814583e+00 1.174269797175790941e+00
1.017261254158952299e+00 1.045996852008624467e+00 1.088112968598020869e+00 1.134291994933638525e+00 1.154665923908144931e+00 1.146645158446024659e+00 1.140415346075397185e+00
1.017701133828226245e+00 1.048202157664942735e+00 1.093808639253520010e+00 1.102931526324273825e+00 1.128088344683466193e+00 1.136396488545248218e+00 1.159522805775008214e+00
1.018386323926035786e+00 1.044300447440676738e+00 1.083754640344500864e+00 1.103272203660729200e+00 1.093318688325970678e+00 1.114314279391948714e+00 1.111016054227474292e+00
1.016751885769798136e+00 1.044065452532886518e+00 1.089384196730325494e+00 1.129500482651023763e+00 1.143603938264183384e+00 1.119239908434161768e+00 1.073865972572933813e+00
1.017336331454445020e+00 1.044418058201590060e+00 1.095064152040526428e+00 1.110822723197407047e+00 1.126600961945336765e+00 1.103647861222794457e+00 1.109526929912753035e+00
1.017446545229868216e+00 1.043250142813072268e+00 1.080382315611637889e+00 1.122642292380487739e+00 1.104660635925918122e+00 1.154574659044639739e+00 1.131618248370473312e+00
1.016763132289511651e+00 1.044780631147641969e+00 1.085254959970991750e+00 1.126276174162103905e+00 1.095802019421199258e+00 1.176387901407295322e+00 1.236967981482941070e+00
1.017365034842323546e+00 1.046863951188077291e+00 1.084877082702321083e+00 1.105449920239526707e+00 1.173034972575005552e+00 1.109019624593371001e+00 1.126998024232974460e+00
1.018702993579376770e+00 1.044803189878048988e+00 1.086927560621739897e+00 1.128191150908868678e+00 1.146055759997140822e+00 1.112776681645847532e+00 1.184439151521221589e+00
1.016639573749918757e+00 1.048795697909216562e+00 1.089781241566507131e+00 1.102405192209750195e+00 1.130131816185484306e+00 1.135344613504292610e+00 1.158341515398747967e+00
1.017256591180330405e+00 1.045922506191446333e+00 1.082554613773295316e+00 1.113840112250764403e+00 1.161559463055607866e+00 1.136794318658218117e+00 1.094438234233488849e+00
1.017369652768706390e+00 1.044267188751748510e+00 1.097820464061936230e+00 1.120646331793371697e+00 1.080092331210144696e+00 1.176726778272955798e+00 1.100610451934903811e+00
1.017593946134254468e+00 1.045143378469764794e+00 1.101138615940910004e+00 1.123084738828322715e+00 1.135414540276217021e+00 1.147297825625824608e+00 1.151355288415657707e+00
1.017327356771446700e+00 1.045180103368882119e+00 1.079039038741366863e+00 1.104521765212846951e+00 1.127074441322415410e+00 1.115834060374848224e+00 1.139979024658097639e+00
1.015813346210650669e+00 1.046654373247847492e+00 1.092891355045517265e+00 1.114471045986596964e+00 1.129360351779870042e+00 1.104869752219039825e+00 1.123443099044014737e+00
1.017754329080153397e+00 1.043617293474466523e+00 1.080836367354084615e+00 1.115334759701424483e+00 1.129701543197716429e+00 1.139436821814243661e+00 1.144300877241164471e+00
1.017308441658521190e+00 1.047166514918266955e+00 1.087345355112739664e+00 1.123995963442433466e+00 1.105562148649851473e+00 1.117950920082868782e+00 1.115562489486874531e+00
1.016977960669762870e+00 1.045584309909905141e+00 1.091804685221135607e+00 1.106226709686038090e+00 1.147945526084217960e+00 1.142261395454716721e+00 1.083116859618174166e+00
1.015079407183710813e+00 1.043775771230815996e+00 1.085669870443797036e+00 1.112985760556214565e+00 1.079467405648696809e+00 1.116304956043507435e+00 1.184634478966119842e+00
1.018189586038901417e+00 1.047396641911265469e+00 1.096989583540363133e+00 1.128356066332732999e+00 1.114245318278592745e+00 1.133225818713810673e+00 1.227428731009446272e+00
1.016656476122314023e+00 1.042386901273490984e+00 1.096342822501381598e+00 1.152530603274229959e+00 1.127642058109473044e+00 1.097476403713878224e+00 1.130559624636172655e+00
1.017143726052355479e+00 1.048184609189202199e+00 1.083518161403075553e+00 1.108809406481351623e+00 1.127949076599821021e+00 1.131944062856742317e+00 1.115541026248384915e+00
1.018038351824744669e+00 1.046768598246101467e+00 1.089319697634832940e+00 1.115063381784751062e+00 1.150313765378477404e+00 1.114487101192968677e+00 1.089038691919416824e+00
1.017506672570415382e+00 1.043826229903778824e+00 1.081201845393964911e+00 1.110697786736630777e+00 1.148728003808354936e+00 1.186366253074207622e+00 1.061771993067448960e+00
1.016722484625998568e+00 1.047889154650818222e+00 1.089689804405153728e+00 1.107220862298208486e+00 1.196660707127964240e+00 1.103119216972619387e+00 1.256034230515181926e+00
1.017266833585473318e+00 1.047716469834978570e+00 1.090359976684712739e+00 1.105221305046775848e+00 1.094380592059899904e+00 1.157713264723892133e+00 1.081685880828945345e+00
1.016124488448147734e+00 1.043802056662989308e+00 1.080947245466346018e+00 1.107315816233108041e+00 1.131711703216280007e+00 1.131319123658448333e+00 1.148121413022840542e+00
1.015977818657534337e+00 1.048715480347213180e+00 1.084741451417544855e+00 1.105278516852776782e+00 1.150178717619312563e+00 1.096149026432821305e+00 1.174419715403262732e+00
1.017592932915300397e+00 1.047532449315386138e+00 1.098058212116859167e+00 1.109385897589550529e+00 1.100453037388112509e+00 1.096093607311847462e+00 1.090230752613739806e+00
1.017191261126034751e+00 1.047394029984136221e+00 1.080650836834393225e+00 1.126814316500735602e+00 1.140903113026765281e+00 1.178226785315143355e+00 1.129849364058541639e+00
1.018439574970203765e+00 1.045090196583562170e+00 1.085125243594254218e+00 1.115081481989582901e+00 1.121538708157050479e+00 1.196079460897310209e+00 1.072622850950356588e+00
1.016452085181341447e+00 1.041742637356402046e+00 1.083439967542619398e+00 1.119733848793419195e+00 1.142662215828018191e+00 1.110009935876802967e+00 1.136660552994720907e+00
1.017494218073904833e+00 1.046970649658554464e+00 1.089305014066140664e+00 1.129222446665723467e+00 1.103119721534787434e+00 1.151621749972938868e+00 1.150815749226442808e+00
1.018943805827126736e+00 1.043922870242854906e+00 1.086481303396078291e+00 1.092918281237496458e+00 1.132623452782417939e+00 1.082442918547127597e+00 1.107363313561913420e+00
1.016282434655087830e+00 1.046575671136397157e+00 1.088303404412624298e+00 1.124617405731157316e+00 1.081045474679408036e+00 1.134936704573107136e+00 1.112237975896341213e+00
1.016799361494783005e+00 1.044666173128248277e+00 1.103430657403173143e+00 1.146778886983882195e+00 1.110202040331965456e+00 1.176085355657269016e+00 1.212293003960447368e+00
1.017249164033092956e+00 1.042791581549733282e+00 1.075899346412530155e+00 1.119101960633562820e+00 1.131576996032068738e+00 1.164665833678633078e+00 1.081081289751334884e+00
1.017484300415180121e+00 1.044153130553786113e+00 1.076800407902702261e+00 1.110818684370914244e+00 1.120459559610472056e+00 1.105511566942094293e+00 1.120637588796072448e+00
1.018821673106633963e+00 1.046287805693018269e+00 1.084225096516912679e+00 1.122769160151978696e+00 1.108565100443273055e+00 1.154429714837431842e+00 1.116979438521484402e+00
1.018169537675107650e+00 1.045386943903370502e+00 1.087904249133053947e+00 1.109370211984232579e+00 1.116143262818532156e+00 1.103732327127273427e+00 1.100061723230117083e+00
1.017703358133577485e+00 1.046037948943872031e+00 1.073381999161954647e+00 1.095681972674965587e+00 1.164540401436042538e+00 1.147058137538426781e+00 1.104241225670817839e+00
1.017275045821340873e+00 1.048222978024656804e+00 1.086032407007067491e+00 1.119057059641286322e+00 1.139384517278767550e+00 1.188487396332005286e+00 1.178985104137335593e+00
1.016872138295384254e+00 1.045752840753296997e+00 1.079183502372561332e+00 1.125926685710497033e+00 1.155751389742738056e+00 1.160503576905320244e+00 1.138250394741380234e+00
1.017289942528220914e+00 1.047303256496813217e+00 1.086904810531663657e+00 1.128638846657678663e+00 1.123263715993872758e+00 1.163887167564262581e+00 1.265147661993332839e+00
1.017020472346061410e+00 1.046299252831869087e+00 1.085447338464409439e+00 1.130192240057185771e+00 1.207485054203257580e+00 1.106949755866604157e+00 1.115264854046198906e+00
1.018654781107391827e+00 1.047460115215074206e+00 1.085856137528809162e+00 1.127183088493083796e+00 1.122384427537300722e+00 1.127039185227734830e+00 1.125098893426458968e+00
1.016762668005549930e+00 1.047784837336550590e+00 1.081225506554798210e+00 1.113420736270542610e+00 1.172202924691711612e+00 1.102214452729478378e+00 1.137537864551504185e+00
1.017509560789472634e+00 1.046054928281830998e+00 1.093293927634641172e+00 1.097195509408310565e+00 1.103335079669672592e+00 1.164050804215502666e+00 1.122005549702188798e+00
1.016622477092117283e+00 1.047933430526340803e+00 1.098755293401397548e+00 1.125690433888547837e+00 1.107612321578074654e+00 1.105253002591974454e+00 1.146549582615223217e+00
1.016996115514925636e+00 1.046270001696779417e+00 1.084533289725558625e+00 1.128394991856625396e+00 1.098598957677713539e+00 1.085282990618308130e+00 1.100370090661255462e+00
