9.961901954151062277e-01 1.034202751058912240e+00 1.109322983178811395e+00 1.222810346485712740e+00 1.250436696241448375e+00 1.191880691160415395e+00 1.442016141002973262e+00
1.003864947356556181e+00 1.037332668236894850e+00 1.098809609610378768e+00 1.172043623941642965e+00 1.195122098851284953e+00 1.106499543759664972e+00 1.171239844583076728e+00
1.008214413783501628e+00 1.034249796844312730e+00 1.085327317536815439e+00 1.123595898163218809e+00 1.157538953034727314e+00 1.114819274536908100e+00 1.172591005594438407e+00
1.010837638725293530e+00 1.034425157182394139e+00 1.079608835031035774e+00 1.110708656037276754e+00 1.107435574092734631e+00 1.092086010569950139e+00 1.181717909499385044e+00
1.013119091983654130e+00 1.034606540827215371e+00 1.073334902496571930e+00 1.114253524616620528e+00 1.121492399807568319e+00 1.120473024760971992e+00 1.149634357638830151e+00
1.013828915479646708e+00 1.040318445372868883e+00 1.069204161248599183e+00 1.090307179259112802e+00 1.104683132194186790e+00 1.099573739708636921e+00 1.191082989417125759e+00
1.014562772635216437e+00 1.039143203357271172e+00 1.067956986729321933e+00 1.093218177796525081e+00 1.122283657798049283e+00 1.085138832347712246e+00 1.097852503849302996e+00
1.014643820956389719e+00 1.038595495619844655e+00 1.070668395903823011e+00 1.095997848891550497e+00 1.080434517838856801e+00 1.132737548480604373e+00 1.179695048214779884e+00
1.015433818392075249e+00 1.038730894059017196e+00 1.065393713353257166e+00 1.093890740615858448e+00 1.106990815397831396e+00 1.104173281013875352e+00 1.109259119016487993e+00
1.014211641484902948e+00 1.036728087702094347e+00 1.064587076790295406e+00 1.090736422682222262e+00 1.079109209072963482e+00 1.095054643726645072e+00 1.143399143177669552e+00
1.014270046063773911e+00 1.035079555177571997e+00 1.066901837133982678e+00 1.086551275864862554e+00 1.069517180024392555e+00 1.055165482150727474e+00 1.077397388555337399e+00
1.013854555951883674e+00 1.037085096539897666e+00 1.072552925960820636e+00 1.097507701371640998e+00 1.108069362015043469e+00 1.072114627607121395e+00 1.152783600812596676e+00
1.016078897993814234e+00 1.037445696361043224e+00 1.075176818474757212e+00 1.083467125499505634e+00 1.126890958767807760e+00 1.108506109962869468e+00 1.092332984933023887e+00
1.014357883011895556e+00 1.037890190016963921e+00 1.070249948528589456e+00 1.093273117305697095e+00 1.106955382581480185e+00 1.073677537582956809e+00 1.086364610051935298e+00
1.015434150464353147e+00 1.035861387897756947e+00 1.071898807977807344e+00 1.094919339673568137e+00 1.091680738516605409e+00 1.082129195834806934e+00 1.116240548920420572e+00
1.015016051135094077e+00 1.037289927132572398e+00 1.067931928662170904e+00 1.110355365149115592e+00 1.110712233451750297e+00 1.080354030299353063e+00 1.085343615010763374e+00
1.016293360999146911e+00 1.037444363134523151e+00 1.071782938462528367e+00 1.095048472452144095e+00 1.107912595288389923e+00 1.101733096640395537e+00 1.069488173305941814e+00
1.014160510456240338e+00 1.037120686231149280e+00 1.075017205368869577e+00 1.107375646241534284e+00 1.081441597295899726e+00 1.102334329361420284e+00 1.061992897390988233e+00
1.015326105040193383e+00 1.036809719434249377e+00 1.067618356765895893e+00 1.103794868491067671e+00 1.083709133393022661e+00 1.060267572476484510e+00 1.094940448734182725e+00
1.014403719681776339e+00 1.034771450769282453e+00 1.077401862308271951e+00 1.103929132882595976e+00 1.105755524987759530e+00 1.078465332967400769e+00 1.073396838400487718e+00
1.013774506980284595e+00 1.036249430819551121e+00 1.072106965283713187e+00 1.100166518031099550e+00 1.079516984242909983e+00 1.106901388155592691e+00 1.135476642266123770e+00
1.015405936059502912e+00 1.035998246166107695e+00 1.079846891113276808e+00 1.080876263613514521e+00 1.074807562825843554e+00 1.108488379022502635e+00 1.192295761560580036e+00
1.013860644428091096e+00 1.036955402894272460e+00 1.065439232165066974e+00 1.077997530045015306e+00 1.062443086015866900e+00 1.095561687541573681e+00 1.127171546574325278e+00
1.014429540498128723e+00 1.040293397445736900e+00 1.067803805629370606e+00 1.095381737499548036e+00 1.116930834865684785e+00 1.067282258236663672e+00 1.176789333257706627e+00
1.015989576086963719e+00 1.038177582828578416e+00 1.069366556459137252e+00 1.093538363010037706e+00 1.121347851495366754e+00 1.085708624905079134e+00 1.070317968173091661e+00
1.015423447420089831e+00 1.035981007291984612e+00 1.070066166568668153e+00 1.089975595257798524e+00 1.118932385362143123e+00 1.104927693354554874e+00 1.067213114792401329e+00
1.015311181765079951e+00 1.037156835187483583e+00 1.059855802460583973e+00 1.089897224443786783e+00 1.095817186711315783e+00 1.115080727354700763e+00 1.062517166981016725e+00
1.016106701636695586e+00 1.036265339094859961e+00 1.076555860209389648e+00 1.086429839320755208e+00 1.080605999773111225e+00 1.064285194963037418e+00 1.113021053479259947e+00
1.015827059727405057e+00 1.037137258098290715e+00 1.065625527584735721e+00 1.101246763876829293e+00 1.090722547432052103e+00 1.095900842175782763e+00 1.066081484572873217e+00
1.015386271386589101e+00 1.035272789395432103e+00 1.070233505025466991e+00 1.091543968642190165e+00 1.079232084645163070e+00 1.078194067749070673e+00 1.119869490775845522e+00
1.015400864483385401e+00 1.038359649359118508e+00 1.072544197894059081e+00 1.094143578737857503e+00 1.089546166756956813e+00 1.082807484074765458e+00 1.139799769840984744e+00
1.016142450902466354e+00 1.040243732103374619e+00 1.072126206634901324e+00 1.101650740786692673e+00 1.107459878811295262e+00 1.113428282093386290e+00 1.116553054711052040e+00
1.014969781685653327e+00 1.037691080762556783e+00 1.099547867073478180e+00 1.102305282412603837e+00 1.091718592707801250e+00 1.107201770092821835e+00 1.074109890722612093e+00
1.015912510092661591e+00 1.037365343391554395e+00 1.063772737456726292e+00 1.084948389454575279e+00 1.108319457733049074e+00 1.090247719892969869e+00 1.127422939407713542e+00
1.014028518835530912e+00 1.035307356768099041e+00 1.077762388931087001e+00 1.109527647720686572e+00 1.081916639596459673e+00 1.077983970673749958e+00 1.081096776349256050e+00
1.014249249488929694e+00 1.036438483941794830e+00 1.062123065513882914e+00 1.092751878600872972e+00 1.150224819905827367e+00 1.088277165427865345e+00 1.149048593283187092e+00
1.016871891382524540e+00 1.040658146121335115e+00 1.064193900830432638e+00 1.082825973260773678e+00 1.118128194823408750e+00 1.084965145797884833e+00 1.089187690823918864e+00
1.014634573915835336e+00 1.037784132006236648e+00 1.073502333367463368e+00 1.083336305474968508e+00 1.102459377562970522e+00 1.105145740267486243e+00 1.090937602697217290e+00
1.015908940085662016e+00 1.036910543627965309e+00 1.080494833750588191e+00 1.095410257674875210e+00 1.106759552256328050e+00 1.105938329295704348e+00 1.113982475042188947e+00
1.016266273066408043e+00 1.037081107525660517e+00 1.061853759828234489e+00 1.095770090928595453e+00 1.060921204618943126e+00 1.070578920816431134e+00 1.106504212677980714e+00
1.015485978553914759e+00 1.038460926742531099e+00 1.063842993122472658e+00 1.090611950340654390e+00 1.113723090519154191e+00 1.092302416172025170e+00 1.089441011466295350e+00
1.015952979390926103e+00 1.039166514800254681e+00 1.069317426392685455e+00 1.095062165392251652e+00 1.095920986675191999e+00 1.084686520684762234e+00 1.138637896479273381e+00
1.015106783703267013e+00 1.038838327002477913e+00 1.055543688795922863e+00 1.092069968585170470e+00 1.106589197694671567e+00 1.112923666183471383e+00 1.151060785823921240e+00
1.014948820990819289e+00 1.040042904812105373e+00 1.078156866518671375e+00 1.095377563775504326e+00 1.101674802457978775e+00 1.082466302981134110e+00 1.102281384421458066e+00
1.015455523218288469e+00 1.037418236354813672e+00 1.078449767040198459e+00 1.090833551209001939e+00 1.083739620793399583e+00 1.034379192341531084e+00 1.108104816938217718e+00
1.015741107074248806e+00 1.035060537157748151e+00 1.068529735053655561e+00 1.086328564422007537e+00 1.107901803197491652e+00 1.088113289425875152e+00 1.099136274200364083e+00
1.016054702267512155e+00 1.035896901453696506e+00 1.069709784142161890e+00 1.107069848572726389e+00 1.117427939607195775e+00 1.102402370518240193e+00 1.209220568721096178e+00
1.015103245656517661e+00 1.034962037046730510e+00 1.069430065787379425e+00 1.082603595415943420e+00 1.078298092076438675e+00 1.110765667926806755e+00 1.122809570877499885e+00
1.014876285715252457e+00 1.036984483925807332e+00 1.071655470946580202e+00 1.090487393982319642e+00 1.106190824294155606e+00 1.088202732963007735e+00 1.041026827189154513e+00
1.017638086547541398e+00 1.035542997960027023e+00 1.062920884271401079e+00 1.096772348922430806e+00 1.098466022786792617e+00 1.081268503503768796e+00 1.130516357072168354e+00
1.015528503707544328e+00 1.036974712935430532e+00 1.067810832109267416e+00 1.107732205208256548e+00 1.092611857130663111e+00 1.077768461350463891e+00 1.128143318695124409e+00
1.015340988637996711e+00 1.039840142217367092e+00 1.073675177012154869e+00 1.083615815159546747e+00 1.083237248451862200e+00 1.060946569229026526e+00 1.102104914934702418e+00
1.016192570684563146e+00 1.036976605606640289e+00 1.065735482734170514e+00 1.082007268903182329e+00 1.088240442269218899e+00 1.090469423426514206e+00 1.102732638645538055e+00
1.014441999531028760e+00 1.037184303558553511e+00 1.074852539691674380e+00 1.104396848293977440e+00 1.092688126401598403e+00 1.093466558645589615e+00 1.061746484524745071e+00
1.015857289552372533e+00 1.036266979503851049e+00 1.080265079792705585e+00 1.096718848384766964e+00 1.110978221530260379e+00 1.088599016399808050e+00 1.091269011343247275e+00
1.015085756444679799e+00 1.034603613550128642e+00 1.065203992640008535e+00 1.099977294638692316e+00 1.084282980156298981e+00 1.094089713642624861e+00 1.116554686929272844e+00
1.015225416257807822e+00 1.036786398968769563e+00 1.065234016466064082e+00 1.097384460204429812e+00 1.089479210593818470e+00 1.099313263518182815e+00 1.160589335707485237e+00
1.016074630938087919e+00 1.040246092415785473e+00 1.067573308410745048e+00 1.089649834571960518e+00 1.166224742256745106e+00 1.092818197152970683e+00 1.093235035078654827e+00
1.016225098762816748e+00 1.037079362193513266e+00 1.066374286231275725e+00 1.110441192821117973e+00 1.126543388726096939e+00 1.097705513028540025e+00 1.136680850181284619e+00
1.014541276395331870e+00 1.041000053326673003e+00 1.076201556542146331e+00 1.088032384685417853e+00 1.122643151314596910e+00 1.111336900648516313e+00 1.135079385270220120e+00
1.015480455524979897e+00 1.037524568783532164e+00 1.066824896287618119e+00 1.089980609707535963e+00 1.097230981930837901e+00 1.079525962401977512e+00 1.077657089179559158e+00
1.015669944923700774e+00 1.035934587340184621e+00 1.075205679044205276e+00 1.097894021741872450e+00 1.060514115688193648e+00 1.082252919860794638e+00 1.080830274631586985e+00
1.015422999802468862e+00 1.035555738586345420e+00 1.078462640125114502e+00 1.096819966383413503e+00 1.100668884248393820e+00 1.083734141008877216e+00 1.124297979226566824e+00
1.015441296759784784e+00 1.037580482026057016e+00 1.064428603073525714e+00 1.080911116719682541e+00 1.089608380374345931e+00 1.060854853386975050e+00 1.103863715103579279e+00
1.014658930549547255e+00 1.038313799940968396e+00 1.071359026195825459e+00 1.089981927148289564e+00 1.098353013319388616e+00 1.082412580739757324e+00 1.111288940121509583e+00
1.016066905017785515e+00 1.036441766695873401e+00 1.062873923435190715e+00 1.088209917479274980e+00 1.103151324214138640e+00 1.084813501613796749e+00 1.108083330452788839e+00
1.015162057780036431e+00 1.039640990314039115e+00 1.069350040361979559e+00 1.102053404365444855e+00 1.103060998964354944e+00 1.110390142960485882e+00 1.098283178389218850e+00
1.015342973406073712e+00 1.038868799078564553e+00 1.075714555052496690e+00 1.090057553374287558e+00 1.122506612274851934e+00 1.096437460624194449e+00 1.072998065366345566e+00
1.014086835326923008e+00 1.037417437629427841e+00 1.071247263754004253e+00 1.090491426631746252e+00 1.064914145775216037e+00 1.086209264432339783e+00 1.145770841541806417e+00
1.015831129022614965e+00 1.038685186189031606e+00 1.075320423512299950e+00 1.104374095515548326e+00 1.073757326298471648e+00 1.054043162614952234e+00 1.159778622977324813e+00
1.015398915111128453e+00 1.034785725860203121e+00 1.080414793379736782e+00 1.120840022115471957e+00 1.094154431813419093e+00 1.089689701823543633e+00 1.095472915286213489e+00
1.015370280288296900e+00 1.040762756392938915e+00 1.068053505015058136e+00 1.086864024594769162e+00 1.093338502491166153e+00 1.089553125582536142e+00 1.094603278221734977e+00
1.016004054157700232e+00 1.038084020983113698e+00 1.067964207627767559e+00 1.093534448771374290e+00 1.146123760537445468e+00 1.102830023641937718e+00 1.078084152144750174e+00
1.015452188171360959e+00 1.035454797195473731e+00 1.066159775740159521e+00 1.082402238402195405e+00 1.105576455484833520e+00 1.093193718453051133e+00 1.048275072636028593e+00
1.014827417509052143e+00 1.039646924918387949e+00 1.069553437277392938e+00 1.085209731185601711e+00 1.132868490422763497e+00 1.090407863547902201e+00 1.230790967232237021e+00
1.015497529722016345e+00 1.038984895654745166e+00 1.068189751867214099e+00 1.083484773398649015e+00 1.076309736369686743e+00 1.119958440185925941e+00 1.064743805328824289e+00
1.014472783229777741e+00 1.036320559531097363e+00 1.065313803059669606e+00 1.080976600916136787e+00 1.091297249353563092e+00 1.070053168312709024e+00 1.126433353348340827e+00
1.014499030685719783e+00 1.040976044936924527e+00 1.065439252887391719e+00 1.085619125558339171e+00 1.116763093246023075e+00 1.080578873883148328e+00 1.154977501384514715e+00
1.016270901223371048e+00 1.040170203301282070e+00 1.076646557698389017e+00 1.096789242118313190e+00 1.086818648896241246e+00 1.079802696945791451e+00 1.083222197338062687e+00
1.015383188869287467e+00 1.040020448454952007e+00 1.062187491965184361e+00 1.100306156166544369e+00 1.110323035141675962e+00 1.117884496071696709e+00 1.118503538329061797e+00
1.016059929513384086e+00 1.036780191220124658e+00 1.065215099017260858e+00 1.096939847671710933e+00 1.100524059414986766e+00 1.137534542733380283e+00 1.059147249893152454e+00
1.014251144116562475e+00 1.034848383687472673e+00 1.062125821400187631e+00 1.098629603272621935e+00 1.127366237979473551e+00 1.096970282340468339e+00 1.121740906361751833e+00
1.015386172212449756e+00 1.038349037887103421e+00 1.071715700357918299e+00 1.111769776930941145e+00 1.083322659993821269e+00 1.094606832286816767e+00 1.103065090442912677e+00
1.016659921056591198e+00 1.037286491783733222e+00 1.067399069491071772e+00 1.081489137427258829e+00 1.112670963788514378e+00 1.075142628841044390e+00 1.102995782303936689e+00
1.014984739506737510e+00 1.037867095374618742e+00 1.072051966875523732e+00 1.106068033268424955e+00 1.068656898372171149e+00 1.102809092785276945e+00 1.091002538489274531e+00
1.015131917573544262e+00 1.037115813102174933e+00 1.092634940172881208e+00 1.114407924437176289e+00 1.095851120929330014e+00 1.107390948228229810e+00 1.135148845155312447e+00
1.014977263664193163e+00 1.034992631567933197e+00 1.057867744392837484e+00 1.093218019809993224e+00 1.095934540252796463e+00 1.129383317399512476e+00 1.080355346373595093e+00
1.015518938011600758e+00 1.036557425091030105e+00 1.062171892897046277e+00 1.088824657205585966e+00 1.095913334747787182e+00 1.089589300812989103e+00 1.098480084977580873e+00
1.016489514784165271e+00 1.037817217830110161e+00 1.071437492289419202e+00 1.097345883374637454e+00 1.093786198391932807e+00 1.088422082221062404e+00 1.092090222538405708e+00
1.015847681161546445e+00 1.038766150341566386e+00 1.070368740916470385e+00 1.095371367054460698e+00 1.102646487351246485e+00 1.090995831777542113e+00 1.082881092582750338e+00
1.016448399017029436e+00 1.037645568268130924e+00 1.062683935583154327e+00 1.079788008639325669e+00 1.113903837824013587e+00 1.082883629342831222e+00 1.089919592564904560e+00
1.015537122795716618e+00 1.037898406568209975e+00 1.070003500469071334e+00 1.095502243078477100e+00 1.125114782119251533e+00 1.094043943216046255e+00 1.127907197691626839e+00
1.014890029173581842e+00 1.036906440743885716e+00 1.060836793738836548e+00 1.100559198679400108e+00 1.098660356637590541e+00 1.095305325881973824e+00 1.126409856947598653e+00
1.015210165557730360e+00 1.040097484574338704e+00 1.072418147698457780e+00 1.096632045959159640e+00 1.102178688756421554e+00 1.103036470952178272e+00 1.126532440313648742e+00
1.014930595668516178e+00 1.038264285893429451e+00 1.065401718162000577e+00 1.105591179438182969e+00 1.179473967114660349e+00 1.086472030373938580e+00 1.094196774495147295e+00
1.016579678458532809e+00 1.037897604925988704e+00 1.071847602131936084e+00 1.097868848945126041e+00 1.086593015767150394e+00 1.059669077100415135e+00 1.093001880190995312e+00
1.014907847519467499e+00 1.039571410735908863e+00 1.060354494492710353e+00 1.088889779471980734e+00 1.114991955760026521e+00 1.083754563086125611e+00 1.120564659686084319e+00
1.015843401524713974e+00 1.037905678040198953e+00 1.076900753747187078e+00 1.082059216360919729e+00 1.075606085563497238e+00 1.066642348541617213e+00 1.086925029868834436e+00
1.014857228713150761e+00 1.040194597753037797e+00 1.076668650107815539e+00 1.098635227084968413e+00 1.075040648771839136e+00 1.054510769512043922e+00 1.116379851364846409e+00
1.014811576764087064e+00 1.038205572111783104e+00 1.069228080562614647e+00 1.114399362862175114e+00 1.083048033894670859e+00 1.069415789548464613e+00 1.084559471122889640e+00
